4.824347794055938721e-02
4.978594928979873657e-02
8.401922881603240967e-03
4.990820586681365967e-02
2.147525176405906677e-02
2.946579828858375549e-02
1.124987564980983734e-02
6.370086222887039185e-02
1.657592132687568665e-02
2.473931573331356049e-02
3.679554536938667297e-02
3.009262681007385254e-02
2.947581373155117035e-02
4.510045796632766724e-02
1.382907759398221970e-02
1.140249799937009811e-02
1.344837807118892670e-02
6.752068293280899525e-04
1.026365067809820175e-02
1.090829260647296906e-02
4.035367444157600403e-02
3.951108455657958984e-02
4.456168413162231445e-02
6.508540362119674683e-02
0.000000000000000000e+00
3.335972875356674194e-02
5.088704638183116913e-03
7.880240678787231445e-02
1.283137034624814987e-02
1.375606935471296310e-02
8.160122670233249664e-03
3.857517242431640625e-02
2.587969787418842316e-02
6.884498521685600281e-03
1.338609959930181503e-02
4.017771407961845398e-02
7.765912916511297226e-03
5.599562544375658035e-03
3.044825233519077301e-02
2.004237100481987000e-02
4.262582212686538696e-02
3.794900374487042427e-03
1.231518760323524475e-02
1.215801807120442390e-03
3.544373810291290283e-02
1.595568098127841949e-02
2.246072888374328613e-02
4.697457700967788696e-02
1.824018982006236911e-04
4.568509291857481003e-03
1.624508760869503021e-02
1.389758381992578506e-02
3.300449624657630920e-02
3.732250304892659187e-03
1.521991100162267685e-02
1.696699485182762146e-02
9.733965620398521423e-03
1.444851979613304138e-02
8.182371035218238831e-03
1.771103963255882263e-02
4.183963872492313385e-03
3.625576570630073547e-02
2.488150075078010559e-02
2.526127733290195465e-02
1.668379269540309906e-02
6.177567411214113235e-04
8.798994123935699463e-03
7.997401058673858643e-03
9.531576931476593018e-02
6.402788218110799789e-03
4.625880345702171326e-02
2.486876957118511200e-02
4.397157952189445496e-02
7.062547956593334675e-04
5.673384293913841248e-02
1.125249359756708145e-02
1.625820249319076538e-02
7.671526167541742325e-03
3.649362921714782715e-02
1.639941893517971039e-02
1.365676987916231155e-02
2.101289294660091400e-02
3.189857816323637962e-03
1.229688338935375214e-02
7.630925625562667847e-03
6.839834898710250854e-02
2.050630573648959398e-04
2.912861108779907227e-02
2.462939731776714325e-02
1.074295490980148315e-03
7.475369144231081009e-03
2.816017949953675270e-03
4.516891669481992722e-03
7.155657745897769928e-03
2.320517232874408364e-04
5.935922265052795410e-02
4.019515961408615112e-02
1.048904284834861755e-02
7.380425464361906052e-03
9.611355140805244446e-03
7.538257632404565811e-03
7.240061648190021515e-03
3.784166183322668076e-03
3.692682832479476929e-02
2.570507116615772247e-02
5.149889364838600159e-02
4.951799288392066956e-03
1.313841622322797775e-02
2.388944476842880249e-02
8.847710676491260529e-03
2.587043307721614838e-02
1.870650425553321838e-02
2.003520930884405971e-04
2.856902405619621277e-02
9.797612205147743225e-03
1.994514651596546173e-02
5.031864345073699951e-02
2.940426394343376160e-02
1.374055892229080200e-01
5.311034154146909714e-03
1.354766893200576305e-03
0.000000000000000000e+00
1.523426547646522522e-02
7.831978052854537964e-02
5.540529731661081314e-03
5.101210623979568481e-02
2.671836875379085541e-03
7.626391202211380005e-02
7.280215620994567871e-03
1.424717996269464493e-02
2.481685392558574677e-02
1.855239854194223881e-03
1.018057111650705338e-02
6.767324171960353851e-03
2.131584845483303070e-02
1.157145947217941284e-01
5.950349569320678711e-02
1.438473933376371861e-03
7.540052384138107300e-02
3.272213740274310112e-03
3.017453849315643311e-02
6.113288691267371178e-04
1.052130293101072311e-02
5.265886429697275162e-03
5.640860274434089661e-02
0.000000000000000000e+00
7.895164191722869873e-03
9.242331609129905701e-03
5.841641177539713681e-05
1.113534718751907349e-02
1.329940569121390581e-04
8.287598378956317902e-03
2.063235640525817871e-02
9.693763218820095062e-03
1.194424554705619812e-02
2.451013773679733276e-03
2.171268500387668610e-02
2.145008882507681847e-03
1.550372689962387085e-02
1.608930155634880066e-02
3.367331996560096741e-02
2.074633957818150520e-03
1.210634317249059677e-02
3.445828624535351992e-04
3.018103307113051414e-04
6.727069150656461716e-03
2.759363315999507904e-02
6.295657251030206680e-03
5.256694275885820389e-04
3.180038556456565857e-02
2.452429756522178650e-02
4.445842001587152481e-03
6.567131262272596359e-03
1.583177968859672546e-02
2.297503314912319183e-02
2.833941718563437462e-03
4.153782501816749573e-02
1.384254079312086105e-02
3.861476900056004524e-03
3.000693768262863159e-02
3.858129307627677917e-02
2.607101760804653168e-02
1.670194789767265320e-02
1.391451898962259293e-02
5.909208208322525024e-03
8.094497956335544586e-03
6.471168249845504761e-02
1.684540323913097382e-02
1.495404867455363274e-03
4.232245683670043945e-02
2.588911727070808411e-02
4.664345178753137589e-03
1.044690702110528946e-02
4.132658708840608597e-03
4.784437362104654312e-03
6.848050281405448914e-03
6.201100349426269531e-02
1.123430300503969193e-02
1.693934435024857521e-03
2.904979977756738663e-03
1.807138323783874512e-03
1.131357531994581223e-02
4.268005955964326859e-03
1.065697986632585526e-02
3.090147487819194794e-02
0.000000000000000000e+00
1.804106496274471283e-02
3.082648850977420807e-02
8.985542692244052887e-03
1.351949875243008137e-03
3.857170045375823975e-02
6.072006071917712688e-04
1.163707301020622253e-02
3.509492427110671997e-02
1.318051431553612929e-06
1.727637276053428650e-02
2.401398308575153351e-02
3.518588468432426453e-02
1.117350254207849503e-02
3.520596027374267578e-02
4.235411528497934341e-03
9.468744695186614990e-02
8.474495261907577515e-03
2.095661498606204987e-02
7.089801947586238384e-04
1.358539760112762451e-01
1.445553824305534363e-02
2.121257036924362183e-02
1.964451000094413757e-02
2.040366642177104950e-03
8.638334274291992188e-02
3.173766285181045532e-02
1.192361768335103989e-02
2.826941758394241333e-02
1.080547831952571869e-02
1.373925246298313141e-02
1.211788039654493332e-02
2.692866325378417969e-02
2.956780046224594116e-02
1.623758301138877869e-02
3.038009069859981537e-02
2.061161771416664124e-02
3.056499734520912170e-02
7.762548979371786118e-03
1.776027376763522625e-03
3.362504392862319946e-02
5.019833520054817200e-02
7.013107184320688248e-03
1.123492023907601833e-03
1.979583641514182091e-03
1.808764599263668060e-02
2.876129746437072754e-02
7.223812490701675415e-02
6.045291200280189514e-03
8.054751669988036156e-04
1.278665848076343536e-03
3.745904937386512756e-02
1.537289097905158997e-02
8.330662734806537628e-03
6.339805200695991516e-03
1.174234203062951565e-03
5.924965254962444305e-03
9.544900059700012207e-02
3.823978081345558167e-02
2.814090996980667114e-02
1.374756917357444763e-02
1.674335636198520660e-02
3.013293817639350891e-02
5.061824806034564972e-03
1.666295900940895081e-02
2.225081808865070343e-02
4.928437992930412292e-02
5.363245960325002670e-03
1.953519694507122040e-02
6.056891381740570068e-02
2.923647500574588776e-02
8.199360221624374390e-03
1.224555773660540581e-03
2.115355990827083588e-02
1.608741097152233124e-02
3.954708948731422424e-02
2.030180580914020538e-02
1.128454506397247314e-02
3.696842491626739502e-02
2.987200394272804260e-03
1.269253087230026722e-03
2.961464971303939819e-02
9.505379945039749146e-03
9.016782976686954498e-03
2.021113224327564240e-02
8.922999352216720581e-02
2.573046460747718811e-02
4.031482152640819550e-03
3.592535504139959812e-04
1.437514089047908783e-02
3.432987257838249207e-02
2.958729676902294159e-02
1.161744818091392517e-02
5.906024598516523838e-04
2.676816424354910851e-03
4.796982975676655769e-04
6.712134182453155518e-02
5.321249365806579590e-03
6.398720201104879379e-03
1.905586943030357361e-02
2.238767221570014954e-03
8.772077970206737518e-03
1.585048809647560120e-02
1.218750234693288803e-02
1.707401126623153687e-02
1.244003232568502426e-02
1.137171988375484943e-03
3.272471576929092407e-02
1.106712687760591507e-02
9.438476525247097015e-03
1.215462572872638702e-02
9.379853494465351105e-03
1.285938322544097900e-01
1.139053516089916229e-02
7.813068106770515442e-03
6.065716035664081573e-03
4.375804960727691650e-02
3.377840854227542877e-03
2.735785022377967834e-02
1.419545523822307587e-02
5.264562205411493778e-04
7.256725337356328964e-03
1.336046867072582245e-02
3.550346940755844116e-02
7.911564782261848450e-03
4.940304532647132874e-02
7.735389471054077148e-02
8.109753951430320740e-03
6.260090321302413940e-02
3.445499017834663391e-02
3.143367357552051544e-04
9.046189486980438232e-02
3.880174830555915833e-02
1.419309824705123901e-01
9.068723767995834351e-03
1.857767254114151001e-02
1.843716017901897430e-02
3.345471441207337193e-06
1.048998814076185226e-02
9.560058824717998505e-03
7.343368232250213623e-02
4.852805659174919128e-02
4.066321998834609985e-03
4.384621605277061462e-02
2.408655174076557159e-02
5.849528592079877853e-03
3.251615911722183228e-02
2.138189226388931274e-02
9.050441905856132507e-03
4.186791181564331055e-02
8.800461888313293457e-03
1.358819007873535156e-02
1.373019721359014511e-02
1.354893785901367664e-03
9.082635864615440369e-03
2.318204194307327271e-02
4.207715764641761780e-02
6.589433178305625916e-03
4.087119922041893005e-02
2.492771670222282410e-02
2.028996311128139496e-02
2.281742915511131287e-02
8.604336529970169067e-02
3.186552971601486206e-02
2.758956747129559517e-03
7.652728352695703506e-03
2.851025573909282684e-02
1.499330997467041016e-02
7.747033960185945034e-04
2.278378792107105255e-02
1.790025155059993267e-03
2.842413447797298431e-02
1.574870571494102478e-02
6.115863844752311707e-02
7.528188871219754219e-04
5.587184056639671326e-02
4.786826670169830322e-03
4.245440289378166199e-02
2.314400160685181618e-03
9.534481167793273926e-02
4.603599663823843002e-03
4.345458745956420898e-02
1.421604683855548501e-04
6.137287989258766174e-02
8.213339373469352722e-03
5.646707024425268173e-03
2.016729675233364105e-02
2.254641428589820862e-02
2.754505164921283722e-02
1.409234665334224701e-02
1.921756309457123280e-03
9.659671038389205933e-02
8.504294604063034058e-02
2.523944946005940437e-03
0.000000000000000000e+00
2.022544387727975845e-03
1.909051090478897095e-02
9.247018024325370789e-03
3.417858108878135681e-02
1.250549107789993286e-01
1.299214065074920654e-01
2.495943568646907806e-02
3.300476819276809692e-02
3.663313761353492737e-02
3.086937431362457573e-05
6.437794771045446396e-03
1.421659602783620358e-03
6.313327467069029808e-04
6.221376359462738037e-02
8.703324012458324432e-03
2.236204594373703003e-02
9.708717465400695801e-03
0.000000000000000000e+00
2.351307496428489685e-02
3.832454234361648560e-02
1.762463897466659546e-02
1.228199675679206848e-01
1.692005060613155365e-02
1.493140961974859238e-02
2.794865053147077560e-03
6.416893750429153442e-02
7.096385234035551548e-04
2.696932852268218994e-02
1.763171349011827260e-05
3.279827535152435303e-02
2.402390725910663605e-02
4.903531074523925781e-02
3.814090043306350708e-02
2.385960705578327179e-02
0.000000000000000000e+00
4.782629664987325668e-03
1.404035743325948715e-02
0.000000000000000000e+00
5.267444066703319550e-04
2.502153255045413971e-02
5.594047717750072479e-03
2.150625549256801605e-02
4.010545834898948669e-02
5.330586433410644531e-02
5.959909409284591675e-02
6.985640502534806728e-04
3.062596358358860016e-02
0.000000000000000000e+00
3.959819674491882324e-02
1.392441149801015854e-02
2.519396599382162094e-03
9.801061823964118958e-03
7.766177877783775330e-04
6.319966912269592285e-02
3.719751164317131042e-02
3.144339425489306450e-04
3.396555548533797264e-03
3.054266422986984253e-02
1.837095245718955994e-02
1.441207621246576309e-02
2.534535946324467659e-03
1.851633004844188690e-02
8.326825918629765511e-04
4.107240960001945496e-02
4.843885824084281921e-02
4.354166798293590546e-03
3.011893294751644135e-02
6.392823532223701477e-03
2.145898714661598206e-02
1.880796626210212708e-03
4.737091064453125000e-02
1.504082512110471725e-02
1.689408533275127411e-02
3.110982291400432587e-02
1.055814139544963837e-02
4.119791835546493530e-02
5.376610206440091133e-04
4.555696994066238403e-02
7.554774731397628784e-02
5.159280076622962952e-02
4.962353780865669250e-02
1.094803097657859325e-03
1.074961014091968536e-02
6.589171290397644043e-02
2.630815375596284866e-03
4.202965274453163147e-02
0.000000000000000000e+00
0.000000000000000000e+00
3.869842970743775368e-03
3.276079194620251656e-03
1.196561660617589951e-02
3.557489719241857529e-03
5.917409900575876236e-03
3.932976722717285156e-02
0.000000000000000000e+00
4.568456485867500305e-02
8.664592751301825047e-04
6.349124759435653687e-02
2.665770985186100006e-02
4.023780114948749542e-03
6.456055212765932083e-03
5.592094734311103821e-03
4.434616118669509888e-02
5.574224516749382019e-03
7.181780785322189331e-02
0.000000000000000000e+00
8.143096929416060448e-04
0.000000000000000000e+00
4.486207908485084772e-04
2.584298606961965561e-03
1.342061907052993774e-02
2.049859985709190369e-02
2.507908083498477936e-02
6.303327530622482300e-02
0.000000000000000000e+00
1.189557928591966629e-02
9.665278717875480652e-03
2.979330602101981640e-04
3.259475156664848328e-02
7.813001982867717743e-03
2.074038638966158032e-04
5.823896732181310654e-03
7.889171829447150230e-04
3.087265230715274811e-02
3.886676579713821411e-02
1.852398854680359364e-03
1.045152239385060966e-04
4.550045356154441833e-02
2.046420611441135406e-02
1.283795014023780823e-02
8.302215486764907837e-03
3.222574666142463684e-02
0.000000000000000000e+00
3.805721644312143326e-03
6.449457257986068726e-03
0.000000000000000000e+00
2.391647081822156906e-03
3.043194301426410675e-03
8.176080137491226196e-02
3.280069504398852587e-04
2.422946877777576447e-02
0.000000000000000000e+00
3.869590908288955688e-02
1.410832162946462631e-02
3.823212906718254089e-02
2.545922808349132538e-02
6.864047050476074219e-02
1.397645683027803898e-03
0.000000000000000000e+00
3.104814514517784119e-02
7.404995709657669067e-02
5.128924176096916199e-02
3.418922796845436096e-02
3.032039850950241089e-03
1.594815216958522797e-02
5.388176068663597107e-02
8.619543514214456081e-04
8.301849476993083954e-03
1.393328886479139328e-02
7.456071325577795506e-04
2.877516485750675201e-02
0.000000000000000000e+00
3.034079447388648987e-02
1.102072279900312424e-02
5.895525682717561722e-03
8.468084037303924561e-03
2.412770688533782959e-02
5.895905662328004837e-03
3.785521537065505981e-02
2.288654819130897522e-02
1.158934924751520157e-02
2.843745425343513489e-02
7.113371975719928741e-03
0.000000000000000000e+00
2.314175479114055634e-02
0.000000000000000000e+00
5.781032145023345947e-03
8.939775638282299042e-03
1.757905469276010990e-03
1.165467500686645508e-02
2.787486091256141663e-02
1.530747860670089722e-02
1.651569269597530365e-02
9.069685620488598943e-05
4.005612432956695557e-02
1.799155399203300476e-02
3.910853341221809387e-02
7.713729143142700195e-02
3.937561064958572388e-03
3.475108742713928223e-02
1.088994555175304413e-02
3.397740051150321960e-02
2.507801353931427002e-02
1.861394196748733521e-02
1.789929158985614777e-02
8.383662253618240356e-02
8.335185237228870392e-03
1.164859812706708908e-02
3.778297221288084984e-03
5.437979102134704590e-02
4.383810609579086304e-02
5.944742006249725819e-04
1.889231055974960327e-02
1.335270553827285767e-01
0.000000000000000000e+00
2.219835855066776276e-02
0.000000000000000000e+00
1.107054483145475388e-02
2.255591098219156265e-03
3.050651401281356812e-02
1.812445372343063354e-02
4.603585600852966309e-02
9.249087423086166382e-03
5.038785189390182495e-02
4.571690037846565247e-02
1.914969459176063538e-02
1.988567411899566650e-02
1.698003336787223816e-02
0.000000000000000000e+00
4.494062811136245728e-02
3.465277701616287231e-02
5.101688671857118607e-03
1.518520060926675797e-02
0.000000000000000000e+00
3.425773233175277710e-02
2.539427205920219421e-02
1.506110001355409622e-02
2.615722455084323883e-02
1.470811013132333755e-02
1.998404040932655334e-02
4.908209294080734253e-02
2.045247936621308327e-03
2.339195273816585541e-02
3.256576368585228920e-03
3.323508892208337784e-03
1.112738437950611115e-02
7.374480366706848145e-02
6.252712756395339966e-02
5.300244316458702087e-02
1.185089931823313236e-03
1.319989841431379318e-02
2.215225435793399811e-02
0.000000000000000000e+00
6.862990558147430420e-03
0.000000000000000000e+00
3.206091746687889099e-02
5.393948033452033997e-02
1.708874478936195374e-02
2.794134989380836487e-02
5.032745189964771271e-03
3.003459889441728592e-03
5.185244372114539146e-04
2.364978536206763238e-05
4.698100965470075607e-04
6.264842301607131958e-02
4.051741585135459900e-02
1.168108545243740082e-02
1.695055747404694557e-03
1.209700480103492737e-02
1.397689152508974075e-02
7.625930476933717728e-03
1.561734080314636230e-02
2.508816681802272797e-02
3.801572136580944061e-03
5.101575702428817749e-02
8.755865506827831268e-03
6.150366738438606262e-02
1.643859595060348511e-02
1.663414575159549713e-02
1.585201127454638481e-03
1.016251463443040848e-02
5.039826966822147369e-03
2.822727896273136139e-02
7.347617764025926590e-03
3.776631783694028854e-04
0.000000000000000000e+00
1.334927044808864594e-03
4.179856478003785014e-05
4.720185697078704834e-02
2.115389332175254822e-02
0.000000000000000000e+00
3.856321796774864197e-03
0.000000000000000000e+00
1.657335273921489716e-02
1.696243416517972946e-03
3.007294237613677979e-02
1.579871983267366886e-03
7.051052898168563843e-02
1.186928246170282364e-02
4.846182186156511307e-03
1.451896224170923233e-02
3.004463016986846924e-02
3.626836836338043213e-02
4.553385588224045932e-05
2.280946646351367235e-04
6.640277057886123657e-02
2.250104770064353943e-02
1.180250383913516998e-02
7.409350015223026276e-03
8.318371139466762543e-03
5.675333365797996521e-02
1.731714606285095215e-02
2.424199506640434265e-02
7.578748278319835663e-03
2.283850125968456268e-02
2.825248520821332932e-04
7.276429096236824989e-04
8.634769357740879059e-03
8.872373029589653015e-03
5.443699410534463823e-05
5.534934345632791519e-03
7.820811867713928223e-02
1.185443997383117676e-01
1.930610742419958115e-03
2.729760855436325073e-02
7.656846195459365845e-02
4.153033718466758728e-02
0.000000000000000000e+00
1.706328243017196655e-02
2.853564219549298286e-03
0.000000000000000000e+00
7.564449217170476913e-03
6.869249045848846436e-03
4.175362177193164825e-03
2.189075388014316559e-02
7.463166955858469009e-03
1.296876668930053711e-01
5.018769577145576477e-02
4.983258247375488281e-02
3.512463066726922989e-03
1.065924484282732010e-02
0.000000000000000000e+00
4.044681787490844727e-02
8.644566871225833893e-03
1.985517889261245728e-02
2.386526577174663544e-02
3.374051302671432495e-03
1.846583746373653412e-02
1.734221726655960083e-02
4.025147482752799988e-02
4.810264706611633301e-02
1.371585577726364136e-02
3.564489260315895081e-02
8.946170099079608917e-03
2.503942698240280151e-02
1.155616622418165207e-02
1.487001776695251465e-03
6.953406147658824921e-03
2.853494137525558472e-02
3.037801478058099747e-03
1.170075847767293453e-03
1.313916873186826706e-03
1.051315339282155037e-03
1.961733773350715637e-02
4.776422679424285889e-02
1.544855907559394836e-02
5.218590050935745239e-02
2.205747179687023163e-02
7.993980543687939644e-04
8.771067112684249878e-02
8.849968016147613525e-02
2.010800689458847046e-02
3.555700927972793579e-02
1.249709981493651867e-03
1.394788362085819244e-02
2.271801792085170746e-02
3.177183121442794800e-02
3.323503211140632629e-02
1.053005084395408630e-02
6.059121340513229370e-02
4.197367932647466660e-03
2.392957539996132255e-04
4.409457556903362274e-03
7.856719195842742920e-03
2.548369392752647400e-02
2.788855927065014839e-04
6.040413863956928253e-03
2.914835233241319656e-03
3.370606899261474609e-02
1.253932714462280273e-03
1.263322774320840836e-03
2.778983861207962036e-02
1.564214751124382019e-02
8.325464092195034027e-03
1.061722286976873875e-03
9.761740453541278839e-03
8.763438090682029724e-03
5.754177272319793701e-02
9.348999708890914917e-03
1.832054840633645654e-05
3.328708931803703308e-02
1.601545512676239014e-02
9.195932070724666119e-04
6.732635200023651123e-02
9.380713105201721191e-03
6.688247434794902802e-03
1.966916024684906006e-02
2.483803965151309967e-02
2.424331323709338903e-04
2.463809773325920105e-02
6.551248021423816681e-03
1.639430993236601353e-03
6.330723408609628677e-03
0.000000000000000000e+00
3.193980082869529724e-02
5.515078548341989517e-03
8.471918106079101562e-02
1.293338602408766747e-03
1.289924234151840210e-02
3.213721513748168945e-02
5.228872178122401237e-04
1.017409563064575195e-02
3.508248133584856987e-03
2.569249598309397697e-03
9.082602919079363346e-04
4.573465790599584579e-03
0.000000000000000000e+00
1.238425378687679768e-03
1.509551145136356354e-02
2.736538415774703026e-03
3.017938928678631783e-03
7.221510633826255798e-03
3.613146487623453140e-03
1.982163637876510620e-03
1.844959799200296402e-03
1.400325074791908264e-02
3.617392852902412415e-02
1.810221560299396515e-02
7.280826102942228317e-03
6.278154999017715454e-02
3.513240069150924683e-02
8.507892489433288574e-03
8.939701132476329803e-03
0.000000000000000000e+00
4.520099028013646603e-04
3.385387128219008446e-03
4.489297047257423401e-03
2.746965549886226654e-02
6.264694035053253174e-03
9.385939687490463257e-03
6.722829304635524750e-03
2.514137141406536102e-02
2.826471254229545593e-02
6.669660098850727081e-03
2.447065431624650955e-03
6.914775003679096699e-04
2.338152192533016205e-02
9.652021981310099363e-05
9.411987848579883575e-03
2.352114021778106689e-02
4.771293327212333679e-02
6.052108108997344971e-02
1.531368587166070938e-02
0.000000000000000000e+00
4.176340997219085693e-02
8.071917691268026829e-04
2.716558240354061127e-02
5.125579237937927246e-02
9.187876246869564056e-03
1.469344738870859146e-02
2.726057916879653931e-02
1.548693515360355377e-02
5.039847455918788910e-03
1.566848659422248602e-04
6.301385816186666489e-03
2.862461470067501068e-02
2.568298950791358948e-03
1.290619722567498684e-03
8.241525851190090179e-03
7.250008638948202133e-04
1.008213125169277191e-02
5.638413131237030029e-04
1.555281225591897964e-02
1.873303018510341644e-02
1.996841281652450562e-03
4.148652777075767517e-03
3.792728111147880554e-02
1.133708003908395767e-02
1.650525606237351894e-03
0.000000000000000000e+00
3.581301425583660603e-04
1.338886097073554993e-03
2.111251652240753174e-02
6.292058620601892471e-03
1.211553160101175308e-02
7.598890922963619232e-03
4.995589703321456909e-02
1.667800918221473694e-02
1.439368538558483124e-02
7.600734010338783264e-03
6.279597291722893715e-04
1.477895304560661316e-02
1.210912968963384628e-02
2.791370789054781199e-04
4.527326300740242004e-02
9.081785567104816437e-03
6.439488846808671951e-03
1.088199298828840256e-02
1.475215516984462738e-02
1.819247752428054810e-02
1.470587332732975483e-03
1.668260805308818817e-02
4.034765530377626419e-03
3.400084376335144043e-02
2.603742294013500214e-02
3.789246082305908203e-02
5.822016298770904541e-02
5.610775202512741089e-03
1.617789152078330517e-03
2.107002958655357361e-02
5.943422392010688782e-02
6.273535639047622681e-02
4.397841542959213257e-02
4.782257601618766785e-03
1.489800680428743362e-02
3.136808983981609344e-03
6.987381260842084885e-03
1.106820534914731979e-02
1.556161977350711823e-02
1.268201693892478943e-02
1.955376379191875458e-02
1.404062658548355103e-02
8.484140969812870026e-03
2.028960734605789185e-03
4.118451103568077087e-02
5.757893994450569153e-02
4.014258086681365967e-02
3.140229033306241035e-03
6.154481694102287292e-02
5.995910614728927612e-03
1.283661834895610809e-02
2.863631397485733032e-02
1.850913278758525848e-02
7.650562096387147903e-03
6.454302463680505753e-03
2.385091036558151245e-02
2.315947320312261581e-03
0.000000000000000000e+00
8.702762424945831299e-04
4.022737219929695129e-02
5.705423653125762939e-02
1.839262992143630981e-02
1.344691682606935501e-02
2.779233036562800407e-03
1.539415959268808365e-02
1.245065592229366302e-02
6.337415426969528198e-02
0.000000000000000000e+00
4.826691467314958572e-03
8.960202685557305813e-04
5.132651701569557190e-02
5.381933972239494324e-02
1.955130137503147125e-02
4.517539590597152710e-02
2.569064870476722717e-02
1.923747546970844269e-02
1.471700798720121384e-02
7.411379367113113403e-02
6.137381424196064472e-04
1.965870149433612823e-02
3.833439946174621582e-02
1.677160523831844330e-02
1.003428176045417786e-02
6.476120557636022568e-03
8.701398968696594238e-03
1.651059836149215698e-02
1.243718527257442474e-02
9.551592171192169189e-03
9.205897897481918335e-02
9.975454211235046387e-02
9.324316866695880890e-03
3.945409879088401794e-02
1.830676570534706116e-02
1.434890087693929672e-02
7.952142506837844849e-03
6.230202503502368927e-03
2.124940045177936554e-02
8.218482136726379395e-03
0.000000000000000000e+00
1.885250955820083618e-02
0.000000000000000000e+00
1.805386564228683710e-04
1.391840260475873947e-02
1.692952215671539307e-02
1.378242298960685730e-02
3.203755244612693787e-02
7.708577904850244522e-03
9.640906006097793579e-03
3.055960685014724731e-02
3.232775954529643059e-03
3.085426799952983856e-02
2.285835333168506622e-02
1.531782443635165691e-03
3.451848402619361877e-02
3.606630116701126099e-02
5.349739640951156616e-02
4.453377425670623779e-02
1.983126252889633179e-02
4.366494831629097462e-04
0.000000000000000000e+00
1.855397969484329224e-02
2.108521945774555206e-02
4.423934966325759888e-03
3.122047288343310356e-03
3.578899661079049110e-03
7.922170311212539673e-02
6.565959751605987549e-02
2.427257411181926727e-02
1.026246976107358932e-02
9.732995182275772095e-03
2.484380267560482025e-02
1.033740481943823397e-04
2.140765637159347534e-02
4.967877268791198730e-02
1.412895321846008301e-02
1.398976147174835205e-02
4.020714759826660156e-02
1.531094871461391449e-02
4.938989877700805664e-02
1.259028445929288864e-02
1.020803954452276230e-02
3.043104894459247589e-02
4.858444258570671082e-02
3.370279073715209961e-02
5.256165564060211182e-02
5.980765447020530701e-02
7.250702008605003357e-03
4.965599626302719116e-02
1.852723211050033569e-02
3.093926608562469482e-02
1.322437636554241180e-02
5.887764319777488708e-02
1.590109057724475861e-02
2.747941389679908752e-02
3.542863950133323669e-02
2.734956517815589905e-02
3.006217256188392639e-02
4.000969976186752319e-02
2.194452658295631409e-02
1.238148193806409836e-02
1.734124124050140381e-02
6.259268266148865223e-04
1.054761558771133423e-02
1.105516031384468079e-02
4.835069552063941956e-02
3.335928171873092651e-02
4.545235261321067810e-02
6.204116344451904297e-02
0.000000000000000000e+00
3.514295816421508789e-02
9.241214953362941742e-03
8.326235413551330566e-02
1.369051076471805573e-02
1.536404248327016830e-02
8.911703713238239288e-03
3.400064259767532349e-02
2.334717847406864166e-02
7.778619881719350815e-03
2.055418118834495544e-02
3.580537065863609314e-02
7.251747883856296539e-03
9.671939536929130554e-03
2.864488586783409119e-02
2.178594656288623810e-02
4.585027694702148438e-02
3.227582899853587151e-03
1.336035039275884628e-02
1.966534648090600967e-03
3.683124110102653503e-02
2.118678763508796692e-02
2.564947679638862610e-02
4.261617735028266907e-02
1.653719227761030197e-04
2.891890937462449074e-03
1.987334154546260834e-02
1.159897260367870331e-02
3.127641230821609497e-02
4.498132504522800446e-03
1.481039449572563171e-02
1.356870029121637344e-02
9.345153346657752991e-03
1.512495800852775574e-02
7.576941512525081635e-03
2.126391418278217316e-02
3.287299768999218941e-03
2.753262408077716827e-02
2.476411871612071991e-02
2.638153918087482452e-02
1.930620148777961731e-02
0.000000000000000000e+00
8.225760422646999359e-03
6.543908268213272095e-03
9.140524268150329590e-02
8.756498806178569794e-03
4.464008286595344543e-02
3.276984393596649170e-02
4.748901724815368652e-02
9.979112073779106140e-04
5.716650187969207764e-02
1.221252884715795517e-02
1.853639632463455200e-02
4.523491952568292618e-03
4.437028616666793823e-02
1.260935328900814056e-02
1.144879683852195740e-02
2.717545069754123688e-02
3.522460814565420151e-03
1.013727672398090363e-02
7.181908469647169113e-03
6.924459338188171387e-02
1.087818061932921410e-03
2.903135120868682861e-02
2.083717286586761475e-02
2.130627864971756935e-03
8.486630395054817200e-03
3.741016844287514687e-03
3.703050548210740089e-03
6.656493525952100754e-03
6.798622780479490757e-04
5.939972400665283203e-02
4.423017427325248718e-02
9.464506059885025024e-03
9.596442803740501404e-03
8.033360354602336884e-03
5.972759332507848740e-03
6.226607132703065872e-03
3.916815388947725296e-03
2.639158628880977631e-02
2.102840691804885864e-02
5.111084133386611938e-02
4.334564786404371262e-03
1.110722962766885757e-02
2.591665275394916534e-02
6.738415919244289398e-03
2.545097284018993378e-02
1.724038459360599518e-02
1.530511362943798304e-04
3.154118359088897705e-02
8.735382929444313049e-03
1.900124922394752502e-02
5.272250995039939880e-02
2.982653304934501648e-02
1.385281831026077271e-01
9.315855801105499268e-03
7.902113138698041439e-04
0.000000000000000000e+00
1.364563405513763428e-02
7.589031010866165161e-02
6.724399514496326447e-03
5.832121893763542175e-02
2.545641735196113586e-03
8.017050474882125854e-02
9.775709360837936401e-03
1.729909703135490417e-02
2.789369039237499237e-02
1.651058206334710121e-03
1.510902773588895798e-02
7.731162011623382568e-03
2.273243851959705353e-02
1.305551677942276001e-01
5.712662637233734131e-02
1.356965512968599796e-03
7.230389118194580078e-02
2.418046584352850914e-03
3.195266798138618469e-02
1.238950935658067465e-04
1.148467045277357101e-02
7.063625380396842957e-03
6.477331370115280151e-02
2.596328267827630043e-04
5.889972671866416931e-03
7.741464301943778992e-03
1.764100743457674980e-04
1.272572670131921768e-02
0.000000000000000000e+00
1.342918258160352707e-02
2.697833254933357239e-02
1.194767840206623077e-02
1.114374771714210510e-02
3.013791283592581749e-03
2.337826974689960480e-02
2.230886137112975121e-03
1.948163285851478577e-02
1.583570055663585663e-02
3.646238520741462708e-02
1.875685178674757481e-03
1.084620505571365356e-02
1.473872573114931583e-03
3.551920817699283361e-04
4.217206966131925583e-03
2.694470994174480438e-02
5.397023633122444153e-03
6.590294651687145233e-04
3.448366001248359680e-02
2.795347571372985840e-02
5.745104979723691940e-03
5.515655502676963806e-03
1.908047497272491455e-02
2.483169734477996826e-02
3.835018957033753395e-03
4.574854671955108643e-02
1.584674790501594543e-02
6.662274245172739029e-03
2.681502141058444977e-02
3.930745646357536316e-02
2.591844275593757629e-02
1.687035709619522095e-02
1.387199107557535172e-02
6.043949630111455917e-03
1.210690755397081375e-02
6.779120862483978271e-02
1.850800588726997375e-02
1.024831086397171021e-03
3.982846811413764954e-02
2.681956999003887177e-02
5.194340366870164871e-03
1.183742936700582504e-02
4.035244695842266083e-03
5.416795145720243454e-03
5.297314841300249100e-03
6.824307888746261597e-02
1.707929931581020355e-02
2.118135802447795868e-03
3.601518925279378891e-03
2.154951216652989388e-03
8.788483217358589172e-03
8.682101033627986908e-03
9.582519531250000000e-03
2.889649197459220886e-02
0.000000000000000000e+00
1.998109556734561920e-02
2.726800553500652313e-02
8.441653102636337280e-03
1.860991353169083595e-03
3.911281377077102661e-02
1.179269980639219284e-03
1.251433510333299637e-02
3.137679025530815125e-02
5.177122657187283039e-04
1.518361084163188934e-02
2.357901819050312042e-02
3.560698032379150391e-02
1.456183195114135742e-02
3.381504118442535400e-02
4.337319638580083847e-03
8.943709731101989746e-02
6.726440042257308960e-03
2.031091414391994476e-02
5.332243163138628006e-04
1.180903986096382141e-01
1.248229108750820160e-02
2.607690542936325073e-02
2.273085527122020721e-02
5.333827808499336243e-03
8.579310029745101929e-02
3.631429001688957214e-02
1.231457106769084930e-02
2.568341419100761414e-02
9.372360073029994965e-03
1.530952006578445435e-02
1.190129667520523071e-02
3.262473270297050476e-02
3.051759488880634308e-02
1.674981974065303802e-02
3.048819862306118011e-02
2.020461298525333405e-02
3.092803806066513062e-02
9.977220557630062103e-03
1.138104009442031384e-03
3.704069182276725769e-02
5.205872654914855957e-02
8.173038251698017120e-03
6.556620937772095203e-04
2.048954833298921585e-03
1.642515696585178375e-02
2.736857533454895020e-02
5.727529898285865784e-02
6.180686410516500473e-03
4.769149527419358492e-04
1.064880983904004097e-03
3.895432502031326294e-02
1.162643171846866608e-02
8.084199391305446625e-03
8.092220872640609741e-03
1.077490975148975849e-03
5.681445822119712830e-03
9.387515485286712646e-02
3.944731876254081726e-02
2.839231491088867188e-02
1.571547426283359528e-02
1.479218527674674988e-02
3.429090231657028198e-02
5.070909392088651657e-03
1.704091206192970276e-02
2.128339745104312897e-02
5.488762632012367249e-02
5.883750505745410919e-03
1.810593530535697937e-02
6.434822827577590942e-02
2.808983996510505676e-02
9.392105974256992340e-03
1.700674882158637047e-03
1.804224029183387756e-02
1.406719256192445755e-02
4.083022847771644592e-02
2.183344215154647827e-02
1.256148423999547958e-02
4.450979828834533691e-02
5.030066240578889847e-03
1.163403852842748165e-03
3.371326997876167297e-02
1.062826532870531082e-02
1.108657848089933395e-02
2.022851258516311646e-02
9.303864091634750366e-02
2.311853505671024323e-02
3.384434385225176811e-03
7.324495818465948105e-04
1.860483549535274506e-02
3.531199321150779724e-02
2.984873205423355103e-02
1.236236188560724258e-02
6.769996252842247486e-04
3.002800047397613525e-03
2.607092901598662138e-04
6.410790234804153442e-02
7.118297275155782700e-03
7.911175489425659180e-03
1.208364311605691910e-02
3.087180899456143379e-03
9.677215479314327240e-03
1.153970602899789810e-02
1.142471004277467728e-02
2.545887976884841919e-02
1.160806883126497269e-02
8.445677813142538071e-04
3.644353896379470825e-02
6.399229168891906738e-03
7.582670543342828751e-03
1.224808488041162491e-02
1.124254427850246429e-02
1.304807960987091064e-01
1.169604342430830002e-02
5.627796985208988190e-03
7.208238355815410614e-03
4.880532622337341309e-02
3.697908017784357071e-03
2.990598976612091064e-02
1.338552124798297882e-02
6.762185366824269295e-04
9.073270484805107117e-03
1.314544863998889923e-02
3.587110340595245361e-02
8.066165260970592499e-03
4.893931373953819275e-02
7.656609266996383667e-02
9.438388980925083160e-03
5.898682773113250732e-02
3.512263670563697815e-02
3.836405812762677670e-04
9.159939736127853394e-02
4.268538579344749451e-02
1.304014772176742554e-01
8.259537629783153534e-03
1.667600497603416443e-02
2.056641131639480591e-02
9.671784937381744385e-04
1.226654555648565292e-02
1.214189548045396805e-02
6.495535373687744141e-02
5.628646165132522583e-02
4.260826390236616135e-03
3.432938084006309509e-02
2.245829813182353973e-02
1.138253044337034225e-02
3.519467636942863464e-02
2.149289846420288086e-02
9.379618801176548004e-03
4.466503113508224487e-02
9.630789980292320251e-03
1.382827851921319962e-02
1.387694291770458221e-02
1.166170579381287098e-03
1.189566496759653091e-02
2.592810429632663727e-02
4.749348759651184082e-02
4.221508279442787170e-03
4.827315732836723328e-02
2.894148789346218109e-02
2.247148565948009491e-02
2.104794047772884369e-02
8.174810558557510376e-02
3.366226702928543091e-02
2.852423815056681633e-03
5.922033451497554779e-03
2.869693003594875336e-02
1.756006851792335510e-02
7.142535177990794182e-04
2.604533173143863678e-02
1.756260287947952747e-03
2.833425998687744141e-02
2.060814015567302704e-02
5.879078805446624756e-02
1.001677010208368301e-03
5.669513344764709473e-02
3.151344368234276772e-03
4.732976853847503662e-02
2.440005773678421974e-03
8.654221892356872559e-02
8.497782051563262939e-03
4.106842353940010071e-02
0.000000000000000000e+00
6.157478690147399902e-02
1.202963758260011673e-02
8.562348783016204834e-03
2.881670556962490082e-02
2.557000890374183655e-02
2.021790109574794769e-02
9.333446621894836426e-03
4.312695935368537903e-03
8.597201108932495117e-02
7.362162321805953979e-02
2.877387683838605881e-03
0.000000000000000000e+00
4.001638153567910194e-04
2.923099882900714874e-02
9.931351058185100555e-03
3.584545105695724487e-02
1.214708834886550903e-01
1.334824413061141968e-01
3.479733690619468689e-02
2.669310569763183594e-02
2.446448430418968201e-02
1.066970216925255954e-04
1.001913659274578094e-02
6.330104661174118519e-04
1.087661017663776875e-03
5.278816819190979004e-02
7.276242133229970932e-03
3.053949587047100067e-02
1.788215525448322296e-02
1.403414178639650345e-03
2.836956456303596497e-02
4.102893918752670288e-02
2.141097933053970337e-02
1.204712018370628357e-01
1.750335842370986938e-02
2.032319456338882446e-02
2.973470138385891914e-03
5.923317745327949524e-02
7.430944242514669895e-04
2.674421481788158417e-02
0.000000000000000000e+00
2.781241387128829956e-02
2.532839030027389526e-02
5.016957968473434448e-02
3.209102898836135864e-02
1.805108226835727692e-02
0.000000000000000000e+00
3.503480460494756699e-03
1.747217401862144470e-02
0.000000000000000000e+00
6.027550552971661091e-04
3.168267011642456055e-02
8.576325140893459320e-03
2.507588081061840057e-02
3.929364681243896484e-02
5.057131126523017883e-02
5.895383656024932861e-02
2.889144001528620720e-03
2.954913303256034851e-02
0.000000000000000000e+00
3.879242017865180969e-02
1.452446635812520981e-02
1.953557832166552544e-03
1.203812845051288605e-02
3.814002266153693199e-03
6.917347759008407593e-02
3.731802478432655334e-02
0.000000000000000000e+00
5.657157395035028458e-03
3.248763084411621094e-02
1.950648799538612366e-02
8.925362490117549896e-03
2.818675711750984192e-03
2.483090758323669434e-02
1.104584429413080215e-03
3.363128378987312317e-02
5.353772640228271484e-02
7.539678364992141724e-03
2.848201058804988861e-02
6.626446731388568878e-03
2.173693850636482239e-02
1.302362852584337816e-05
5.082450434565544128e-02
1.761795766651630402e-02
2.232981100678443909e-02
3.418229147791862488e-02
9.734741412103176117e-03
3.061094880104064941e-02
4.182987031526863575e-04
4.406007379293441772e-02
7.409625500440597534e-02
4.334643483161926270e-02
4.868349805474281311e-02
9.498916915617883205e-04
1.298626139760017395e-02
5.830131843686103821e-02
4.856348037719726562e-03
4.772310703992843628e-02
0.000000000000000000e+00
0.000000000000000000e+00
3.975882194936275482e-03
5.886234808713197708e-03
1.059794146567583084e-02
8.945914916694164276e-03
1.486903335899114609e-02
3.191212564706802368e-02
0.000000000000000000e+00
4.215295612812042236e-02
3.707421128638088703e-04
5.586693063378334045e-02
1.891875825822353363e-02
9.842087747529149055e-04
7.097599096596240997e-03
9.278255514800548553e-03
4.041207581758499146e-02
3.076983382925391197e-03
7.516222447156906128e-02
0.000000000000000000e+00
6.834971718490123749e-04
4.788075457327067852e-04
6.932820542715489864e-04
5.875783972442150116e-03
2.201606333255767822e-02
2.143987268209457397e-02
3.242419287562370300e-02
5.736782774329185486e-02
1.204300206154584885e-03
1.017106976360082626e-02
1.883640512824058533e-02
5.090333797852508724e-05
2.374919503927230835e-02
9.485683403909206390e-03
9.772123303264379501e-05
1.549298292957246304e-03
7.016776595264673233e-03
2.672202512621879578e-02
4.901544004678726196e-02
1.020123250782489777e-03
0.000000000000000000e+00
4.515106230974197388e-02
2.100202813744544983e-02
6.120864767581224442e-03
7.659396622329950333e-03
3.939628601074218750e-02
0.000000000000000000e+00
5.060762166976928711e-03
5.244578234851360321e-03
0.000000000000000000e+00
2.838304033502936363e-03
4.314458463340997696e-03
8.178681135177612305e-02
2.215492277173325419e-04
2.096471376717090607e-02
0.000000000000000000e+00
3.445877134799957275e-02
1.308085024356842041e-02
4.129898920655250549e-02
3.115731105208396912e-02
6.682669371366500854e-02
8.966348250396549702e-04
0.000000000000000000e+00
3.181158378720283508e-02
5.975568667054176331e-02
4.480862990021705627e-02
4.466153308749198914e-02
3.566411323845386505e-03
1.158877182751893997e-02
5.612673982977867126e-02
5.250242073088884354e-03
4.883549641817808151e-03
1.721168681979179382e-02
8.696962031535804272e-04
2.736716903746128082e-02
0.000000000000000000e+00
3.196601197123527527e-02
1.243952941149473190e-02
4.797216970473527908e-03
6.868071388453245163e-03
2.113206312060356140e-02
1.240490376949310303e-02
3.235222771763801575e-02
3.060293011367321014e-02
1.299164909869432449e-02
2.862096391618251801e-02
8.181265555322170258e-03
0.000000000000000000e+00
2.029246091842651367e-02
2.046141744358465075e-04
6.587051786482334137e-03
1.493665296584367752e-02
1.888613682240247726e-03
1.778362691402435303e-02
2.917212992906570435e-02
1.786182262003421783e-02
1.254292018711566925e-02
0.000000000000000000e+00
3.966823592782020569e-02
3.078306280076503754e-02
3.219594061374664307e-02
7.254227250814437866e-02
3.478658152744174004e-03
3.496772423386573792e-02
1.215701643377542496e-02
3.106550499796867371e-02
2.168962918221950531e-02
2.098168432712554932e-02
1.330803241580724716e-02
8.818365633487701416e-02
1.540989708155393600e-02
1.318527292460203171e-02
4.780462943017482758e-03
4.382430389523506165e-02
4.717779159545898438e-02
6.505196797661483288e-04
1.212536543607711792e-02
1.346325427293777466e-01
0.000000000000000000e+00
2.616897970438003540e-02
0.000000000000000000e+00
1.065159123390913010e-02
1.869853236712515354e-03
4.072488099336624146e-02
2.229632996022701263e-02
4.914379492402076721e-02
1.245403382927179337e-02
4.167693108320236206e-02
3.817403689026832581e-02
2.130151167511940002e-02
2.221477404236793518e-02
2.105685882270336151e-02
0.000000000000000000e+00
3.882884234189987183e-02
3.478931635618209839e-02
9.154126979410648346e-03
1.867089606821537018e-02
0.000000000000000000e+00
3.433867171406745911e-02
2.190845832228660583e-02
1.114202197641134262e-02
3.602622076869010925e-02
8.421883918344974518e-03
2.989617548882961273e-02
4.931564256548881531e-02
2.595651894807815552e-03
2.213468030095100403e-02
9.459880180656909943e-03
3.171503543853759766e-03
1.203158497810363770e-02
7.579895108938217163e-02
5.438338592648506165e-02
5.621647462248802185e-02
5.317087634466588497e-04
1.088914275169372559e-02
1.539229508489370346e-02
2.650021051522344351e-04
7.547867018729448318e-03
0.000000000000000000e+00
3.207814320921897888e-02
5.541013926267623901e-02
1.623361185193061829e-02
2.229531109333038330e-02
7.805902976542711258e-03
4.169182851910591125e-03
1.518191769719123840e-03
4.362787585705518723e-04
2.353429445065557957e-04
6.856474280357360840e-02
3.985266759991645813e-02
1.554133370518684387e-02
2.293417230248451233e-03
1.593596488237380981e-02
1.479783002287149429e-02
1.265152357518672943e-02
1.324216555804014206e-02
1.849228888750076294e-02
4.814926069229841232e-03
5.035111680626869202e-02
1.085149683058261871e-02
6.389816105365753174e-02
1.474963780492544174e-02
2.341410703957080841e-02
2.208572812378406525e-03
1.171094179153442383e-02
1.183984428644180298e-02
3.321766480803489685e-02
7.260316982865333557e-03
4.739003779832273722e-04
0.000000000000000000e+00
2.478874055668711662e-03
2.173883840441703796e-04
4.469058662652969360e-02
2.547352947294712067e-02
0.000000000000000000e+00
4.546940326690673828e-03
0.000000000000000000e+00
2.127717807888984680e-02
3.835093695670366287e-03
1.958724483847618103e-02
3.205246292054653168e-03
6.530258804559707642e-02
1.359310373663902283e-02
6.597368512302637100e-03
1.830595731735229492e-02
3.073516488075256348e-02
3.853594511747360229e-02
0.000000000000000000e+00
2.233897976111620665e-04
6.358812004327774048e-02
2.108105085790157318e-02
1.265605352818965912e-02
8.993147872388362885e-03
9.316485375165939331e-03
6.242724880576133728e-02
2.265094220638275146e-02
3.077449277043342590e-02
5.774233490228652954e-03
2.293172851204872131e-02
3.704121045302599669e-04
4.354157426860183477e-04
4.844025708734989166e-03
2.290112199261784554e-03
1.903236552607268095e-04
1.216079667210578918e-02
7.138247787952423096e-02
1.002496108412742615e-01
2.500057686120271683e-03
2.541292645037174225e-02
6.967666745185852051e-02
3.958934918045997620e-02
0.000000000000000000e+00
1.779877394437789917e-02
7.926697842776775360e-03
0.000000000000000000e+00
1.033090706914663315e-02
7.827151566743850708e-03
1.743299188092350960e-03
2.776336483657360077e-02
8.017082698643207550e-03
1.227628141641616821e-01
5.072209984064102173e-02
5.367962270975112915e-02
3.345398930832743645e-03
5.908488295972347260e-03
0.000000000000000000e+00
4.341769218444824219e-02
1.166053023189306259e-02
1.473142672330141068e-02
2.931241691112518311e-02
4.514727275818586349e-03
1.536389160901308060e-02
1.784993894398212433e-02
4.082243144512176514e-02
4.646085575222969055e-02
1.484891865402460098e-02
3.177205473184585571e-02
7.562369573861360550e-03
2.550728246569633484e-02
1.805827207863330841e-02
2.278415719047188759e-03
7.415747269988059998e-03
3.569906949996948242e-02
4.274440463632345200e-03
1.238839002326130867e-03
2.015680074691772461e-03
9.537423029541969299e-03
2.165043354034423828e-02
4.960591718554496765e-02
1.740674115717411041e-02
5.366268381476402283e-02
2.183321677148342133e-02
9.535106946714222431e-04
7.471019029617309570e-02
9.497319906949996948e-02
1.675700210034847260e-02
3.484374284744262695e-02
2.073405543342232704e-03
1.210088934749364853e-02
1.955160684883594513e-02
3.154395148158073425e-02
3.482251986861228943e-02
1.230537146329879761e-02
6.184991821646690369e-02
1.363442558795213699e-02
4.278326232451945543e-04
3.968383185565471649e-03
5.201365333050489426e-03
2.705498412251472473e-02
2.144892096112016588e-05
1.379034668207168579e-02
1.487534400075674057e-02
4.603815451264381409e-02
1.403408707119524479e-03
1.324312412180006504e-03
2.408093959093093872e-02
2.036437019705772400e-02
1.716420426964759827e-02
6.651132367551326752e-03
8.564587682485580444e-03
1.208373904228210449e-02
5.383046716451644897e-02
1.718448475003242493e-02
2.557218795118387789e-05
3.140740469098091125e-02
8.970448747277259827e-03
8.467299048788845539e-04
6.769315153360366821e-02
3.691219259053468704e-03
9.895438328385353088e-03
1.847522333264350891e-02
2.201523445546627045e-02
2.850996097549796104e-04
1.808486878871917725e-02
5.562589038163423538e-03
6.620111875236034393e-03
1.323840022087097168e-02
0.000000000000000000e+00
3.648575767874717712e-02
6.080948747694492340e-03
8.738393336534500122e-02
4.983967519365251064e-04
2.205314673483371735e-02
3.474637493491172791e-02
1.343984273262321949e-03
1.640997268259525299e-02
2.784653333947062492e-03
2.374793402850627899e-03
5.241102771833539009e-04
3.666038159281015396e-03
0.000000000000000000e+00
1.248341286554932594e-03
1.502688229084014893e-02
2.610063878819346428e-03
7.415002211928367615e-03
9.874117560684680939e-03
7.881820201873779297e-03
5.257765296846628189e-04
1.365832984447479248e-03
1.353271584957838058e-02
4.191882535815238953e-02
1.689201034605503082e-02
1.407791674137115479e-02
7.118190079927444458e-02
3.211493790149688721e-02
8.302733302116394043e-03
1.938782818615436554e-02
0.000000000000000000e+00
1.408888783771544695e-04
3.232249058783054352e-03
4.711913876235485077e-03
3.007138147950172424e-02
1.187877263873815536e-02
2.118620835244655609e-02
7.080736570060253143e-03
1.991116255521774292e-02
3.496697545051574707e-02
3.871436929330229759e-03
1.512150163762271404e-03
1.114409824367612600e-04
2.939287759363651276e-02
1.444942899979650974e-03
9.054806083440780640e-03
1.848607510328292847e-02
5.033456906676292419e-02
6.342852115631103516e-02
1.776704378426074982e-02
0.000000000000000000e+00
4.822336137294769287e-02
5.920254625380039215e-04
2.858321182429790497e-02
4.736350104212760925e-02
1.459607854485511780e-02
1.450915075838565826e-02
2.749455720186233521e-02
1.851897500455379486e-02
8.365317247807979584e-03
4.481422656681388617e-04
2.501928480342030525e-03
3.396033495664596558e-02
1.240971148945391178e-03
6.695222109556198120e-04
9.605518542230129242e-03
1.269429340027272701e-03
1.116365659981966019e-02
4.857877793256193399e-04
1.236565411090850830e-02
1.652741990983486176e-02
3.830173052847385406e-03
4.340626765042543411e-03
3.503656759858131409e-02
9.851758368313312531e-03
1.066084718331694603e-03
2.663553277670871466e-05
2.515073167160153389e-03
3.949601203203201294e-03
3.243356570601463318e-02
4.229363985359668732e-03
1.286639552563428879e-02
8.367080241441726685e-03
5.906723067164421082e-02
1.835497096180915833e-02
1.659811846911907196e-02
9.601500816643238068e-03
5.267911474220454693e-04
1.633724384009838104e-02
1.138980593532323837e-02
8.556080865673720837e-04
4.630878940224647522e-02
1.114649605005979538e-02
7.758495863527059555e-03
2.160228602588176727e-02
1.596917212009429932e-02
1.585795357823371887e-02
1.315255765803158283e-03
2.034092508256435394e-02
5.066168028861284256e-03
2.873419038951396942e-02
2.310969308018684387e-02
3.025087714195251465e-02
6.287166476249694824e-02
2.893909811973571777e-03
2.313862554728984833e-03
2.218266203999519348e-02
4.882671684026718140e-02
6.662066280841827393e-02
3.777761384844779968e-02
7.342253811657428741e-03
1.364564150571823120e-02
1.064656185917556286e-03
4.094346892088651657e-03
1.522873248904943466e-02
1.030974928289651871e-02
1.214763801544904709e-02
1.817435957491397858e-02
1.397602539509534836e-02
9.845965541899204254e-03
8.870225865393877029e-04
3.960141912102699280e-02
6.012613698840141296e-02
3.521488606929779053e-02
3.263659076765179634e-03
6.579515337944030762e-02
5.447277333587408066e-03
1.371270697563886642e-02
3.212283924221992493e-02
1.949913427233695984e-02
7.575739640742540359e-03
9.311378933489322662e-03
2.170731313526630402e-02
2.292269840836524963e-03
0.000000000000000000e+00
4.731604130938649178e-04
3.994723781943321228e-02
5.526016280055046082e-02
1.721212081611156464e-02
1.251055486500263214e-02
5.522239487618207932e-03
1.892087049782276154e-02
1.854503713548183441e-02
5.756595358252525330e-02
0.000000000000000000e+00
1.066974084824323654e-02
1.686442759819328785e-03
5.949356779456138611e-02
5.343216657638549805e-02
1.787607744336128235e-02
5.512341856956481934e-02
3.070188499987125397e-02
2.350698597729206085e-02
1.670268364250659943e-02
8.571819961071014404e-02
2.709905151277780533e-03
2.529484406113624573e-02
5.054314061999320984e-02
2.323316410183906555e-02
9.700351394712924957e-03
3.792602103203535080e-03
1.268091425299644470e-02
2.197089232504367828e-02
1.852795295417308807e-02
1.294795237481594086e-02
8.606964349746704102e-02
9.686709195375442505e-02
7.969645783305168152e-03
4.309793189167976379e-02
2.107292972505092621e-02
7.315239403396844864e-03
8.649909868836402893e-03
1.393946632742881775e-02
2.284170128405094147e-02
7.428523618727922440e-03
0.000000000000000000e+00
2.794315293431282043e-02
3.116854350082576275e-04
2.399501390755176544e-04
1.179892476648092270e-02
2.059965394437313080e-02
1.428941544145345688e-02
2.396140433847904205e-02
7.650122046470642090e-03
7.543902844190597534e-03
3.421880304813385010e-02
7.278686854988336563e-03
3.328670933842658997e-02
1.795345544815063477e-02
2.327151829376816750e-03
2.657024189829826355e-02
3.720585629343986511e-02
3.762239590287208557e-02
4.452452436089515686e-02
2.347203530371189117e-02
7.506737019866704941e-04
0.000000000000000000e+00
1.950603537261486053e-02
1.696445792913436890e-02
8.665162138640880585e-03
2.552886027842760086e-03
6.637420970946550369e-03
7.706307619810104370e-02
6.257896870374679565e-02
2.679671160876750946e-02
1.634611934423446655e-02
7.029810454696416855e-03
2.478182502090930939e-02
6.522606418002396822e-05
1.884465292096138000e-02
5.461686104536056519e-02
1.450232416391372681e-02
1.080188620835542679e-02
4.019269347190856934e-02
1.195603609085083008e-02
4.754547402262687683e-02
1.370101794600486755e-02
1.075846608728170395e-02
2.120193466544151306e-02
3.935883939266204834e-02
3.196014091372489929e-02
5.083433911204338074e-02
6.407385319471359253e-02
1.015362236648797989e-02
6.475338339805603027e-02
2.103892900049686432e-02
3.080688975751399994e-02
1.154437102377414703e-02
6.058586761355400085e-02
1.213398296386003494e-02
2.354992367327213287e-02
3.390496969223022461e-02
2.273997664451599121e-02
2.839671820402145386e-02
3.690911084413528442e-02
2.201798558235168457e-02
9.318630211055278778e-03
1.748182810842990875e-02
8.204318000935018063e-04
1.044817920774221420e-02
1.130692474544048309e-02
4.640495404601097107e-02
3.319955244660377502e-02
4.536596313118934631e-02
5.246880650520324707e-02
0.000000000000000000e+00
3.371216729283332825e-02
5.621340591460466385e-03
8.405800908803939819e-02
1.347616221755743027e-02
1.183423679322004318e-02
8.937370963394641876e-03
3.357165306806564331e-02
2.026214450597763062e-02
8.195024915039539337e-03
1.662909239530563354e-02
3.172509372234344482e-02
7.209062576293945312e-03
8.214218541979789734e-03
2.610042504966259003e-02
2.583187818527221680e-02
4.179133847355842590e-02
3.339340677484869957e-03
1.290792878717184067e-02
2.158646471798419952e-03
3.448266535997390747e-02
2.252146042883396149e-02
2.637626975774765015e-02
5.196576938033103943e-02
5.872694964637048542e-05
2.198655158281326294e-03
1.852511987090110779e-02
1.263426337391138077e-02
3.144092112779617310e-02
4.093591123819351196e-03
1.185984723269939423e-02
1.499330624938011169e-02
1.037191972136497498e-02
1.687552593648433685e-02
6.584706250578165054e-03
2.086861804127693176e-02
2.612671116366982460e-03
2.937138080596923828e-02
2.515614405274391174e-02
2.366481535136699677e-02
1.949381642043590546e-02
1.041786745190620422e-03
9.934859350323677063e-03
4.130666144192218781e-03
8.905883878469467163e-02
7.667412515729665756e-03
3.400394320487976074e-02
3.167856857180595398e-02
4.607666283845901489e-02
1.381653244607150555e-03
5.612795054912567139e-02
1.088900864124298096e-02
2.090316079556941986e-02
4.547793883830308914e-03
3.680363297462463379e-02
1.386665739119052887e-02
1.401156838983297348e-02
2.356565371155738831e-02
2.561106113716959953e-03
1.405574008822441101e-02
7.751384284347295761e-03
6.108475103974342346e-02
1.120938686653971672e-03
2.434058301150798798e-02
2.212317660450935364e-02
1.492756069637835026e-03
8.904185146093368530e-03
4.576024133712053299e-03
3.797732992097735405e-03
6.818697322160005569e-03
4.956509219482541084e-04
5.732702836394309998e-02
4.061641171574592590e-02
1.187424082309007645e-02
1.078992057591676712e-02
9.281428530812263489e-03
8.953189477324485779e-03
9.836202487349510193e-03
3.566004801541566849e-03
2.263074181973934174e-02
2.210493199527263641e-02
4.704066365957260132e-02
4.042299464344978333e-03
1.025431603193283081e-02
2.212672680616378784e-02
8.211246691644191742e-03
2.731515653431415558e-02
1.471359468996524811e-02
1.797724980860948563e-04
2.981182187795639038e-02
1.034806855022907257e-02
1.920468732714653015e-02
5.117417126893997192e-02
2.984869293868541718e-02
1.344225257635116577e-01
7.827944122254848480e-03
9.815121302381157875e-04
0.000000000000000000e+00
1.610667072236537933e-02
6.636513024568557739e-02
5.287038162350654602e-03
5.124137178063392639e-02
2.149961888790130615e-03
8.111361414194107056e-02
9.618359617888927460e-03
1.890132576227188110e-02
2.608864568173885345e-02
1.859218347817659378e-03
1.781361550092697144e-02
8.239571005105972290e-03
2.021785639226436615e-02
1.228904202580451965e-01
5.271974205970764160e-02
1.863252837210893631e-03
6.312590837478637695e-02
3.603342920541763306e-03
2.841937169432640076e-02
6.612210418097674847e-04
1.217719446867704391e-02
5.404064431786537170e-03
6.470919400453567505e-02
0.000000000000000000e+00
4.053489305078983307e-03
8.691755123436450958e-03
3.954924177378416061e-04
1.225225627422332764e-02
4.777398135047405958e-05
1.368015725165605545e-02
3.257995098829269409e-02
1.028367783874273300e-02
1.259215176105499268e-02
4.225659184157848358e-03
2.284626848995685577e-02
2.534036757424473763e-03
1.951443031430244446e-02
1.636144146323204041e-02
3.727134689688682556e-02
1.297160284593701363e-03
1.043428480625152588e-02
7.754874241072684526e-05
6.509239319711923599e-04
4.171545617282390594e-03
2.841380238533020020e-02
3.507535904645919800e-03
6.740005337633192539e-04
3.332182019948959351e-02
2.810321748256683350e-02
9.103562682867050171e-03
4.447211511433124542e-03
1.518267765641212463e-02
2.483355998992919922e-02
5.890128202736377716e-03
4.258553683757781982e-02
1.449006516486406326e-02
4.099383484572172165e-03
2.663810923695564270e-02
3.286585956811904907e-02
2.494166605174541473e-02
1.631658896803855896e-02
1.183714997023344040e-02
7.122706621885299683e-03
1.228635199368000031e-02
6.673947721719741821e-02
1.788495294749736786e-02
3.578098723664879799e-03
3.993676975369453430e-02
3.052769415080547333e-02
7.149599492549896240e-03
1.114763226360082626e-02
2.842857036739587784e-03
7.037321105599403381e-03
8.962205611169338226e-03
6.435447186231613159e-02
1.691921986639499664e-02
1.422261702828109264e-03
2.953076502308249474e-03
1.561355893500149250e-03
9.706491604447364807e-03
8.123484440147876740e-03
1.174910180270671844e-02
3.138336166739463806e-02
4.590259923133999109e-04
2.522966638207435608e-02
3.186117485165596008e-02
1.053585205227136612e-02
1.505010877735912800e-03
3.741639852523803711e-02
4.291109216865152121e-04
1.339819934219121933e-02
3.046542033553123474e-02
3.377013781573623419e-04
1.519813295453786850e-02
2.475626207888126373e-02
3.957257419824600220e-02
1.514051482081413269e-02
3.950490802526473999e-02
4.443022888153791428e-03
9.046058356761932373e-02
9.168264456093311310e-03
1.976413093507289886e-02
8.997741970233619213e-04
1.037231907248497009e-01
1.126549486070871353e-02
2.586965262889862061e-02
2.166379243135452271e-02
3.283763770014047623e-03
8.722778409719467163e-02
3.673769906163215637e-02
1.216324511915445328e-02
2.377252653241157532e-02
1.173076033592224121e-02
1.598194055259227753e-02
1.239430811256170273e-02
3.010491095483303070e-02
3.150648996233940125e-02
1.857063546776771545e-02
3.293906897306442261e-02
2.263418585062026978e-02
3.036140091717243195e-02
8.325418457388877869e-03
3.276874776929616928e-03
3.261852264404296875e-02
4.383479058742523193e-02
9.447077289223670959e-03
1.249697990715503693e-03
2.594670280814170837e-03
1.950356736779212952e-02
2.469529770314693451e-02
4.802294075489044189e-02
7.669525686651468277e-03
7.875824230723083019e-04
1.066000782884657383e-03
3.685169667005538940e-02
8.917377330362796783e-03
1.031073834747076035e-02
8.215151727199554443e-03
9.290863526985049248e-04
7.172736804932355881e-03
9.549541026353836060e-02
3.931495547294616699e-02
2.881607972085475922e-02
1.333580911159515381e-02
1.773960702121257782e-02
3.273373097181320190e-02
5.495332181453704834e-03
1.813967898488044739e-02
1.973494142293930054e-02
4.664012417197227478e-02
5.758952349424362183e-03
1.918034628033638000e-02
7.099545001983642578e-02
2.738567627966403961e-02
7.109325844794511795e-03
1.610409701243042946e-03
2.059852890670299530e-02
1.697675883769989014e-02
4.310666769742965698e-02
2.106810919940471649e-02
1.103947777301073074e-02
4.107744991779327393e-02
4.474999383091926575e-03
1.199022517539560795e-03
3.150039911270141602e-02
1.297400984913110733e-02
9.973748587071895599e-03
1.563053391873836517e-02
9.313055127859115601e-02
2.734533324837684631e-02
3.941073082387447357e-03
7.554822368547320366e-04
1.686833612620830536e-02
3.538110107183456421e-02
2.919834852218627930e-02
1.300620846450328827e-02
1.677653868682682514e-03
2.382845850661396980e-03
2.984606835525482893e-04
6.548474729061126709e-02
8.601474575698375702e-03
8.139458484947681427e-03
1.871981285512447357e-02
3.024362493306398392e-03
1.004239264875650406e-02
1.038517802953720093e-02
1.022379752248525620e-02
2.513308636844158173e-02
7.766966708004474640e-03
7.150609744712710381e-04
3.165662661194801331e-02
1.304179057478904724e-02
6.471897941082715988e-03
1.360127516090869904e-02
1.199395861476659775e-02
1.234848648309707642e-01
1.143560931086540222e-02
6.401857826858758926e-03
6.250477395951747894e-03
4.919398948550224304e-02
3.534548915922641754e-03
3.243570402264595032e-02
1.275302469730377197e-02
7.112189778126776218e-04
9.592439047992229462e-03
1.323715597391128540e-02
3.190431371331214905e-02
5.683077033609151840e-03
4.592731967568397522e-02
7.314938306808471680e-02
8.636907674372196198e-03
5.459437891840934753e-02
3.838267922401428223e-02
4.802219045814126730e-04
9.267801791429519653e-02
4.154008999466896057e-02
1.296567618846893311e-01
8.453991264104843140e-03
1.369496155530214310e-02
1.868682168424129486e-02
1.270951121114194393e-03
1.514651998877525330e-02
8.726400323212146759e-03
5.373777076601982117e-02
6.132549419999122620e-02
3.653758671134710312e-03
3.472417965531349182e-02
2.465059794485569000e-02
1.029892731457948685e-02
3.677697479724884033e-02
2.381807193160057068e-02
1.377825718373060226e-02
4.504046589136123657e-02
8.005157113075256348e-03
1.337306667119264603e-02
1.206934265792369843e-02
2.626878675073385239e-03
9.374924004077911377e-03
2.562311664223670959e-02
4.652658104896545410e-02
6.661236286163330078e-03
4.888567328453063965e-02
2.933634631335735321e-02
2.002303116023540497e-02
1.668826490640640259e-02
8.095573633909225464e-02
3.298858180642127991e-02
3.920537419617176056e-03
4.448469728231430054e-03
2.495191805064678192e-02
1.765568554401397705e-02
6.485195481218397617e-04
1.673916354775428772e-02
1.857896335422992706e-03
2.829261496663093567e-02
2.062897570431232452e-02
4.727920889854431152e-02
1.881405245512723923e-03
5.197118595242500305e-02
6.150508299469947815e-03
4.796330630779266357e-02
2.970880828797817230e-03
8.759284019470214844e-02
1.170844491571187973e-02
4.739274084568023682e-02
1.881801174022257328e-03
7.000802457332611084e-02
1.437064446508884430e-02
8.777408860623836517e-03
3.458373621106147766e-02
3.128717467188835144e-02
2.231041714549064636e-02
9.554226882755756378e-03
2.245747018605470657e-03
8.321040123701095581e-02
7.969000190496444702e-02
3.585046390071511269e-03
0.000000000000000000e+00
2.432284818496555090e-04
2.431227266788482666e-02
1.219573896378278732e-02
4.252150654792785645e-02
1.150996387004852295e-01
1.317894905805587769e-01
3.028786927461624146e-02
3.168283030390739441e-02
2.702978998422622681e-02
3.194718010490760207e-05
1.186642423272132874e-02
3.459010258666239679e-05
4.408511333167552948e-03
4.553988203406333923e-02
1.499684061855077744e-02
3.069066815078258514e-02
1.892248727381229401e-02
5.781426560133695602e-03
2.638410776853561401e-02
3.575960919260978699e-02
2.052794210612773895e-02
1.201449334621429443e-01
2.236441150307655334e-02
2.285521104931831360e-02
4.298411309719085693e-03
6.634607166051864624e-02
7.484133238904178143e-04
2.216069214046001434e-02
5.461519685923121870e-05
2.862118184566497803e-02
3.313509374856948853e-02
5.230143293738365173e-02
4.273881018161773682e-02
2.091905847191810608e-02
0.000000000000000000e+00
2.129884669557213783e-03
2.446688897907733917e-02
1.274880487471818924e-03
5.649136146530508995e-04
3.537967056035995483e-02
1.018739957362413406e-02
2.722419798374176025e-02
4.056534171104431152e-02
5.281964316964149475e-02
6.692666560411453247e-02
4.133653827011585236e-03
3.255372866988182068e-02
0.000000000000000000e+00
3.694954141974449158e-02
1.393974851816892624e-02
4.472457803785800934e-04
1.241587568074464798e-02
2.613255754113197327e-03
6.228367611765861511e-02
4.203918576240539551e-02
0.000000000000000000e+00
2.590727759525179863e-03
3.120534494519233704e-02
2.084640227258205414e-02
6.445440463721752167e-03
2.829099074006080627e-03
2.720893919467926025e-02
1.867052400484681129e-03
3.719479963183403015e-02
4.728123173117637634e-02
7.769533433020114899e-03
2.652698568999767303e-02
1.259399950504302979e-02
2.732623741030693054e-02
2.967217587865889072e-04
4.658250883221626282e-02
2.254147455096244812e-02
2.342720702290534973e-02
3.676512464880943298e-02
8.310323581099510193e-03
3.234608098864555359e-02
4.175285808742046356e-03
5.716004222631454468e-02
7.999499887228012085e-02
4.328781366348266602e-02
4.741141200065612793e-02
2.274949569255113602e-03
1.695672981441020966e-02
6.060125678777694702e-02
3.474357305094599724e-03
5.250531062483787537e-02
0.000000000000000000e+00
0.000000000000000000e+00
3.907600883394479752e-03
4.761493764817714691e-03
1.324360538274049759e-02
8.954417891800403595e-03
1.534617040306329727e-02
3.523628786206245422e-02
0.000000000000000000e+00
3.491675108671188354e-02
4.036293365061283112e-03
5.919748917222023010e-02
2.281047403812408447e-02
1.045850454829633236e-03
8.708816021680831909e-03
8.842413313686847687e-03
4.339605569839477539e-02
3.300032811239361763e-03
8.065909892320632935e-02
0.000000000000000000e+00
6.878559361211955547e-04
1.231877686223015189e-04
1.830775057896971703e-03
7.954313419759273529e-03
2.946680970489978790e-02
1.550212781876325607e-02
3.482093662023544312e-02
6.176248937845230103e-02
2.276735322084277868e-04
1.901497878134250641e-02
1.697955653071403503e-02
1.086019401554949582e-04
2.677753753960132599e-02
1.035214681178331375e-02
2.951398491859436035e-04
4.059791564941406250e-03
6.148396991193294525e-03
4.032387211918830872e-02
5.216087773442268372e-02
1.892592641524970531e-03
3.860800177335477201e-07
3.946910426020622253e-02
2.307363413274288177e-02
9.157004766166210175e-03
6.744401995092630386e-03
3.822601959109306335e-02
0.000000000000000000e+00
3.925611730664968491e-03
1.791435666382312775e-02
0.000000000000000000e+00
3.983881790190935135e-03
7.382880896329879761e-03
8.534266054630279541e-02
3.375434316694736481e-04
2.685764059424400330e-02
0.000000000000000000e+00
3.816454485058784485e-02
1.211655419319868088e-02
4.123497009277343750e-02
2.737491577863693237e-02
7.339552789926528931e-02
1.881250762380659580e-03
0.000000000000000000e+00
3.969786688685417175e-02
6.388169527053833008e-02
4.045778512954711914e-02
4.998271912336349487e-02
3.659802721813321114e-03
1.635736413300037384e-02
4.600322619080543518e-02
6.707273889333009720e-03
6.900827866047620773e-03
1.665241084992885590e-02
9.027811465784907341e-04
2.619914710521697998e-02
0.000000000000000000e+00
3.186262771487236023e-02
1.149213593453168869e-02
6.667894311249256134e-03
7.364555262029170990e-03
2.138737402856349945e-02
1.381400227546691895e-02
3.245502710342407227e-02
2.931651100516319275e-02
8.293549530208110809e-03
3.544167056679725647e-02
6.061718333512544632e-03
0.000000000000000000e+00
2.318776771426200867e-02
2.414911723462864757e-04
1.242479402571916580e-02
1.331121567636728287e-02
3.779881400987505913e-03
2.057035453617572784e-02
2.389393933117389679e-02
1.907990314066410065e-02
1.465586107224225998e-02
0.000000000000000000e+00
4.944091290235519409e-02
3.209847584366798401e-02
3.195306658744812012e-02
6.410691142082214355e-02
2.156779402866959572e-03
3.268206119537353516e-02
1.696649938821792603e-02
3.656318783760070801e-02
2.391210943460464478e-02
2.489805035293102264e-02
2.060982026159763336e-02
9.036804735660552979e-02
9.620885364711284637e-03
1.821063086390495300e-02
2.817002823576331139e-03
4.400783777236938477e-02
5.264730006456375122e-02
6.740883691236376762e-04
1.737673208117485046e-02
1.287164092063903809e-01
0.000000000000000000e+00
3.223878890275955200e-02
0.000000000000000000e+00
1.364433020353317261e-02
2.976407762616872787e-03
4.717589542269706726e-02
2.926801890134811401e-02
5.599148944020271301e-02
1.511156372725963593e-02
4.512842372059822083e-02
4.769304394721984863e-02
2.145404182374477386e-02
2.504803054034709930e-02
2.996146120131015778e-02
2.272873243782669306e-04
4.893445968627929688e-02
4.382262378931045532e-02
7.715821266174316406e-03
2.222796529531478882e-02
0.000000000000000000e+00
3.136545047163963318e-02
2.331177145242691040e-02
8.718321099877357483e-03
3.558537364006042480e-02
7.246022112667560577e-03
2.510456927120685577e-02
5.094835534691810608e-02
3.797879442572593689e-03
1.969396881759166718e-02
1.102738548070192337e-02
5.335478112101554871e-03
1.288889348506927490e-02
8.028443902730941772e-02
5.403501167893409729e-02
5.306735262274742126e-02
2.370678586885333061e-03
1.222713291645050049e-02
1.048530079424381256e-02
4.632497148122638464e-04
4.603500943630933762e-03
0.000000000000000000e+00
3.917105123400688171e-02
6.266371905803680420e-02
2.147297002375125885e-02
1.962026208639144897e-02
9.323729202151298523e-03
7.752433419227600098e-03
8.209841325879096985e-04
4.819945315830409527e-04
3.067668003495782614e-04
6.679549068212509155e-02
4.802191630005836487e-02
1.064286846667528152e-02
1.988852163776755333e-03
1.268449425697326660e-02
2.614940889179706573e-02
1.026727724820375443e-02
1.151036098599433899e-02
2.545908279716968536e-02
8.864254690706729889e-03
4.886476323008537292e-02
1.152455620467662811e-02
6.689783185720443726e-02
2.118354663252830505e-02
2.555281668901443481e-02
1.106351613998413086e-03
1.356040872633457184e-02
1.196571160107851028e-02
4.081849381327629089e-02
1.069787982851266861e-02
1.892789587145671248e-04
1.695330638540326618e-06
2.952357288450002670e-03
2.770454739220440388e-04
4.454772174358367920e-02
2.896028943359851837e-02
0.000000000000000000e+00
7.148406933993101120e-03
0.000000000000000000e+00
2.283139899373054504e-02
2.365940948948264122e-03
2.008024416863918304e-02
5.343837663531303406e-03
6.692186743021011353e-02
1.701102219521999359e-02
1.092714443802833557e-02
2.280041016638278961e-02
3.855244442820549011e-02
4.330287501215934753e-02
0.000000000000000000e+00
2.040919353021308780e-04
6.749040633440017700e-02
1.771502569317817688e-02
9.477561339735984802e-03
1.036249008029699326e-02
1.080835238099098206e-02
5.505705252289772034e-02
2.256921678781509399e-02
3.005859442055225372e-02
5.516294855624437332e-03
3.455642238259315491e-02
5.092615610919892788e-04
7.048708503134548664e-04
6.461195647716522217e-03
3.918939735740423203e-03
0.000000000000000000e+00
1.145955454558134079e-02
6.894012540578842163e-02
1.004690974950790405e-01
2.470472129061818123e-03
2.518546767532825470e-02
7.681845873594284058e-02
4.408149793744087219e-02
0.000000000000000000e+00
1.972463168203830719e-02
1.106785703450441360e-02
1.490507711423560977e-04
1.088607124984264374e-02
6.995974574238061905e-03
4.655029159039258957e-03
3.003249689936637878e-02
8.097512647509574890e-03
1.248308569192886353e-01
4.907049983739852905e-02
5.728743970394134521e-02
4.383873194456100464e-03
1.124355103820562363e-02
0.000000000000000000e+00
6.088409945368766785e-02
1.216469518840312958e-02
1.689206063747406006e-02
2.179470658302307129e-02
5.395960062742233276e-03
1.674481481313705444e-02
1.815142482519149780e-02
4.679143428802490234e-02
4.820582643151283264e-02
1.484874635934829712e-02
3.586216643452644348e-02
6.223172880709171295e-03
3.498472273349761963e-02
1.937383972108364105e-02
2.399099059402942657e-03
7.766487076878547668e-03
3.976247459650039673e-02
5.198029335588216782e-03
1.133107580244541168e-03
2.015396486967802048e-03
3.155961167067289352e-03
2.122198976576328278e-02
5.279911682009696960e-02
1.967591233551502228e-02
5.806766450405120850e-02
2.366006560623645782e-02
1.088664357666857541e-04
7.503335177898406982e-02
8.926308155059814453e-02
1.748425886034965515e-02
4.254584386944770813e-02
1.452190917916595936e-03
4.793107509613037109e-03
1.885374821722507477e-02
4.262994602322578430e-02
3.699667379260063171e-02
1.129190996289253235e-02
6.824415922164916992e-02
1.140027213841676712e-02
5.063713178969919682e-04
3.811403643339872360e-03
5.766151007264852524e-03
2.274566516280174255e-02
1.214360599988140166e-05
8.993364870548248291e-03
7.571727037429809570e-03
3.906852006912231445e-02
9.123571217060089111e-04
2.345333574339747429e-03
2.087906002998352051e-02
1.970650814473628998e-02
1.604960858821868896e-02
1.710394630208611488e-03
7.250875700265169144e-03
1.135501731187105179e-02
5.748181417584419250e-02
1.218626089394092560e-02
9.202034561894834042e-05
2.935322746634483337e-02
1.880320720374584198e-02
2.950557740405201912e-03
6.162818148732185364e-02
8.006033487617969513e-03
6.067404057830572128e-03
1.870669238269329071e-02
2.080516889691352844e-02
0.000000000000000000e+00
3.124328888952732086e-02
6.560568697750568390e-03
7.329158019274473190e-03
8.950946852564811707e-03
0.000000000000000000e+00
2.840562909841537476e-02
4.941083490848541260e-03
8.457209914922714233e-02
5.467803566716611385e-04
2.100948989391326904e-02
3.930961340665817261e-02
6.887066992931067944e-04
1.207704655826091766e-02
7.958151982165873051e-04
2.473671687766909599e-03
9.461101726628839970e-04
5.896145943552255630e-03
0.000000000000000000e+00
7.666157325729727745e-04
1.459365058690309525e-02
2.637485973536968231e-03
3.658984089270234108e-03
7.203558459877967834e-03
9.108798578381538391e-03
6.256037740968167782e-04
1.307920552790164948e-03
1.143792364746332169e-02
3.222206234931945801e-02
2.055645175278186798e-02
1.381492055952548981e-02
7.406160235404968262e-02
2.567663602530956268e-02
1.034337934106588364e-02
1.337892282754182816e-02
0.000000000000000000e+00
2.760006173048168421e-04
3.606822341680526733e-03
5.939753260463476181e-03
2.742984332144260406e-02
1.299079880118370056e-02
1.930168643593788147e-02
7.966531440615653992e-03
2.548254653811454773e-02
3.615494072437286377e-02
8.394616656005382538e-03
2.039507497102022171e-03
7.764196489006280899e-04
2.496498823165893555e-02
3.971635305788367987e-04
7.741999346762895584e-03
1.759921386837959290e-02
4.758636653423309326e-02
5.933686345815658569e-02
2.021239511668682098e-02
0.000000000000000000e+00
4.940155893564224243e-02
1.049355720169842243e-03
2.441805042326450348e-02
4.375707730650901794e-02
1.121436618268489838e-02
1.321520470082759857e-02
3.004289045929908752e-02
2.090814337134361267e-02
7.553603500127792358e-03
9.711225720820948482e-05
6.493272725492715836e-03
2.740047499537467957e-02
3.090203972533345222e-03
1.741957967169582844e-03
7.722389884293079376e-03
1.026481506414711475e-03
1.378031540662050247e-02
8.040515240281820297e-04
1.249107252806425095e-02
1.778527349233627319e-02
6.710634334012866020e-04
2.417390467599034309e-03
3.550640121102333069e-02
1.197321154177188873e-02
2.531386911869049072e-03
0.000000000000000000e+00
4.235851811245083809e-04
7.237045210786163807e-04
2.893955074250698090e-02
4.216042347252368927e-03
1.022611651569604874e-02
7.104219868779182434e-03
5.571438372135162354e-02
1.520185172557830811e-02
1.737594045698642731e-02
1.233804319053888321e-02
7.981274975463747978e-04
1.526281982660293579e-02
8.204670622944831848e-03
2.798467467073351145e-04
4.685053601861000061e-02
1.884355954825878143e-02
8.126088418066501617e-03
1.570346020162105560e-02
1.512748561799526215e-02
1.732615008950233459e-02
4.500026814639568329e-03
1.266281027346849442e-02
4.274730570614337921e-03
2.538063749670982361e-02
2.348386310040950775e-02
2.832850627601146698e-02
5.621625855565071106e-02
1.130374614149332047e-03
1.754495315253734589e-03
1.912702061235904694e-02
4.754091799259185791e-02
7.139619439840316772e-02
4.335609078407287598e-02
9.673380292952060699e-03
1.615971140563488007e-02
4.534733016043901443e-04
6.393740419298410416e-03
1.464253105223178864e-02
1.008235756307840347e-02
1.798440515995025635e-02
1.819751784205436707e-02
1.478797569870948792e-02
1.330302003771066666e-02
9.760544053278863430e-04
4.121128842234611511e-02
5.631716549396514893e-02
3.602471947669982910e-02
3.823197446763515472e-03
6.476744264364242554e-02
5.063144024461507797e-03
1.511797402054071426e-02
2.511402219533920288e-02
2.079192548990249634e-02
7.243652362376451492e-03
1.165774557739496231e-02
1.986357383430004120e-02
2.158159390091896057e-03
0.000000000000000000e+00
9.522407199256122112e-04
3.977312892675399780e-02
4.925006628036499023e-02
2.021121047437191010e-02
1.334310881793498993e-02
6.902469322085380554e-03
1.871958188712596893e-02
1.386068109422922134e-02
6.084226444363594055e-02
2.862667315639555454e-04
1.265590172260999680e-02
1.109479228034615517e-03
5.933464691042900085e-02
4.838203266263008118e-02
2.150838263332843781e-02
4.431170225143432617e-02
3.982687368988990784e-02
2.426004782319068909e-02
1.517489552497863770e-02
7.820446789264678955e-02
2.859360305592417717e-03
2.556529454886913300e-02
4.427080228924751282e-02
2.121771872043609619e-02
1.090832147747278214e-02
4.562404006719589233e-03
5.109985824674367905e-03
1.621275953948497772e-02
1.429714448750019073e-02
7.194001693278551102e-03
7.829932123422622681e-02
9.410353749990463257e-02
1.020981092005968094e-02
3.651192784309387207e-02
1.985559239983558655e-02
5.514553282409906387e-03
8.752702735364437103e-03
7.207532413303852081e-03
2.245652489364147186e-02
8.337127044796943665e-03
0.000000000000000000e+00
2.362383715808391571e-02
0.000000000000000000e+00
8.914243080653250217e-04
9.268118068575859070e-03
1.632841862738132477e-02
1.431945152580738068e-02
2.657153829932212830e-02
7.481662090867757797e-03
7.452184334397315979e-03
3.274643421173095703e-02
8.131720125675201416e-03
3.226383030414581299e-02
1.816904731094837189e-02
1.096295425668358803e-03
2.797687798738479614e-02
4.149683937430381775e-02
4.243532195687294006e-02
4.694438725709915161e-02
2.003918960690498352e-02
1.354784588329493999e-03
0.000000000000000000e+00
1.934264414012432098e-02
1.293076667934656143e-02
9.869416244328022003e-03
3.666867967694997787e-03
7.744211703538894653e-03
7.261059433221817017e-02
6.611607223749160767e-02
3.034557215869426727e-02
1.121763326227664948e-02
5.354313645511865616e-03
2.769089676439762115e-02
1.051158978953026235e-04
2.122588641941547394e-02
5.487966910004615784e-02
1.916090957820415497e-02
1.456002984195947647e-02
3.751557320356369019e-02
1.142767351120710373e-02
4.257585480809211731e-02
6.124075967818498611e-03
1.233381591737270355e-02
2.778372354805469513e-02
4.081437364220619202e-02
3.971195220947265625e-02
