0.000000000000000000e+00
0.000000000000000000e+00
3.618409391492605209e-04
3.089779056608676910e-02
5.677259992808103561e-03
3.002840839326381683e-02
1.408300246112048626e-03
4.851121921092271805e-03
0.000000000000000000e+00
5.770561471581459045e-02
1.564876139163970947e-01
1.428905758075416088e-03
4.624615237116813660e-02
9.466483024880290031e-04
0.000000000000000000e+00
4.421809315681457520e-02
0.000000000000000000e+00
1.878823968581855297e-03
0.000000000000000000e+00
1.992813544347882271e-03
0.000000000000000000e+00
2.386583201587200165e-02
2.485452592372894287e-02
8.306016214191913605e-03
0.000000000000000000e+00
1.251510623842477798e-02
0.000000000000000000e+00
0.000000000000000000e+00
0.000000000000000000e+00
0.000000000000000000e+00
2.358209528028964996e-02
4.572832840494811535e-04
3.607605025172233582e-02
0.000000000000000000e+00
1.365920063108205795e-02
7.036289898678660393e-04
0.000000000000000000e+00
1.136051141656935215e-04
1.146404445171356201e-01
5.454969592392444611e-03
9.487399831414222717e-03
0.000000000000000000e+00
2.429343992844223976e-03
4.025899246335029602e-02
2.287343144416809082e-02
1.193251460790634155e-03
2.230865694582462311e-02
0.000000000000000000e+00
0.000000000000000000e+00
1.430973061360418797e-04
0.000000000000000000e+00
0.000000000000000000e+00
0.000000000000000000e+00
0.000000000000000000e+00
1.486509945243597031e-02
1.309133507311344147e-02
4.366257227957248688e-03
1.318655209615826607e-03
3.010221384465694427e-02
2.771084755659103394e-02
6.502812355756759644e-02
8.806496858596801758e-03
1.770088635385036469e-02
2.796113491058349609e-02
4.896780475974082947e-02
1.764088124036788940e-02
1.419009640812873840e-04
2.585652470588684082e-02
0.000000000000000000e+00
3.678184584714472294e-04
0.000000000000000000e+00
0.000000000000000000e+00
3.629096550866961479e-03
0.000000000000000000e+00
3.127376735210418701e-02
1.338899252004921436e-03
6.740381568670272827e-02
4.536079708486795425e-03
5.414543673396110535e-03
1.609024778008460999e-02
3.431287477724254131e-04
2.183206379413604736e-03
8.323952555656433105e-03
2.432313980534672737e-03
3.173817880451679230e-03
3.575986996293067932e-02
3.333152830600738525e-02
6.602314300835132599e-03
1.010474842041730881e-02
0.000000000000000000e+00
0.000000000000000000e+00
5.109466239809989929e-02
4.826299846172332764e-03
1.423182617872953415e-02
6.589297205209732056e-02
0.000000000000000000e+00
1.284204889088869095e-02
7.957456633448600769e-03
3.798545524477958679e-02
7.872641086578369141e-03
2.459790848661214113e-04
0.000000000000000000e+00
0.000000000000000000e+00
2.483590971678495407e-03
1.186033943668007851e-03
0.000000000000000000e+00
2.678331360220909119e-02
3.192949807271361351e-03
5.006893724203109741e-02
1.323696342296898365e-04
0.000000000000000000e+00
8.049103431403636932e-03
7.869151420891284943e-03
5.588594824075698853e-03
1.378213707357645035e-02
0.000000000000000000e+00
8.652827818877995014e-04
0.000000000000000000e+00
0.000000000000000000e+00
1.981001645326614380e-01
0.000000000000000000e+00
4.433337971568107605e-02
1.556272851303219795e-03
2.719551883637905121e-02
4.314697533845901489e-02
9.772062301635742188e-02
4.608340933918952942e-02
0.000000000000000000e+00
4.555968567728996277e-03
0.000000000000000000e+00
2.509052632376551628e-03
4.211370646953582764e-02
9.131551533937454224e-02
4.856578889302909374e-04
1.762791909277439117e-02
4.593629017472267151e-02
1.561672333627939224e-02
5.542827770113945007e-02
0.000000000000000000e+00
2.457421971485018730e-03
2.580908499658107758e-02
0.000000000000000000e+00
0.000000000000000000e+00
1.286257756873965263e-03
1.156164258718490601e-01
2.782273851335048676e-02
0.000000000000000000e+00
0.000000000000000000e+00
6.036148624843917787e-05
5.024782149121165276e-04
2.861368011508602649e-05
8.642935194075107574e-03
3.190756775438785553e-03
0.000000000000000000e+00
4.680319875478744507e-02
1.290595531463623047e-02
3.706506267189979553e-02
2.172776265069842339e-03
1.724308915436267853e-02
1.408110023476183414e-03
2.714743092656135559e-02
0.000000000000000000e+00
4.433638881891965866e-03
0.000000000000000000e+00
0.000000000000000000e+00
0.000000000000000000e+00
1.267678453586995602e-03
8.505649864673614502e-03
1.610225252807140350e-02
0.000000000000000000e+00
2.060373313724994659e-02
6.452409923076629639e-02
6.971049006097018719e-04
1.894618071673903614e-05
2.100567653542384505e-04
0.000000000000000000e+00
8.701562765054404736e-04
1.208213716745376587e-02
2.867418108507990837e-03
5.503236129879951477e-02
0.000000000000000000e+00
0.000000000000000000e+00
3.040466271340847015e-02
1.377585250884294510e-02
0.000000000000000000e+00
2.310027368366718292e-02
0.000000000000000000e+00
1.055867597460746765e-01
1.298052165657281876e-02
2.502747252583503723e-02
9.613831527531147003e-03
2.545521035790443420e-02
6.415876001119613647e-02
1.628086157143115997e-02
3.341406956315040588e-02
4.482920095324516296e-02
4.905985551886260509e-04
1.978996582329273224e-02
2.397125028073787689e-02
2.214405499398708344e-02
9.153590351343154907e-02
2.551774960011243820e-03
6.200576666742563248e-03
7.709831465035676956e-03
0.000000000000000000e+00
3.778591006994247437e-02
0.000000000000000000e+00
0.000000000000000000e+00
0.000000000000000000e+00
0.000000000000000000e+00
8.044713176786899567e-03
1.656394451856613159e-02
0.000000000000000000e+00
0.000000000000000000e+00
2.057762118056416512e-03
3.451966121792793274e-02
1.256797229871153831e-03
3.859999403357505798e-02
0.000000000000000000e+00
0.000000000000000000e+00
5.275766551494598389e-02
5.471936985850334167e-02
5.130810290575027466e-02
7.266187574714422226e-03
1.542974729090929031e-02
3.375675901770591736e-02
1.018072441220283508e-01
0.000000000000000000e+00
0.000000000000000000e+00
8.488369174301624298e-03
4.822504147887229919e-02
0.000000000000000000e+00
7.473385776393115520e-04
0.000000000000000000e+00
1.910294592380523682e-02
2.308655902743339539e-02
4.492777865380048752e-03
0.000000000000000000e+00
1.613969542086124420e-02
0.000000000000000000e+00
7.860239595174789429e-02
0.000000000000000000e+00
1.233274670084938407e-04
1.258002826943993568e-03
7.177511579357087612e-04
2.218161011114716530e-03
1.635771943256258965e-03
0.000000000000000000e+00
3.221093444153666496e-03
4.341534897685050964e-02
3.310824511572718620e-03
0.000000000000000000e+00
1.624923013150691986e-02
3.850988112390041351e-03
0.000000000000000000e+00
2.088293991982936859e-02
7.186291739344596863e-03
2.358310623094439507e-03
0.000000000000000000e+00
0.000000000000000000e+00
6.709516979753971100e-03
0.000000000000000000e+00
7.608169107697904110e-05
5.997972097247838974e-03
6.896657287143170834e-04
3.377805231139063835e-03
0.000000000000000000e+00
2.264232374727725983e-03
1.832248829305171967e-02
0.000000000000000000e+00
2.269241027534008026e-03
0.000000000000000000e+00
0.000000000000000000e+00
1.265890151262283325e-02
0.000000000000000000e+00
0.000000000000000000e+00
6.426820997148752213e-03
6.865937029942870140e-04
2.458979142829775810e-03
2.388458140194416046e-02
3.290317952632904053e-03
1.784327323548495770e-03
3.418340906500816345e-02
0.000000000000000000e+00
1.421155501157045364e-02
6.135874893516302109e-03
0.000000000000000000e+00
1.665916643105447292e-03
4.478545859456062317e-03
0.000000000000000000e+00
2.220438793301582336e-03
1.850141794420778751e-03
0.000000000000000000e+00
3.277465002611279488e-03
4.775236546993255615e-02
7.296714000403881073e-03
3.189441934227943420e-02
4.732390493154525757e-02
3.575142938643693924e-03
1.501576509326696396e-02
0.000000000000000000e+00
3.905694466084241867e-03
2.793703787028789520e-02
0.000000000000000000e+00
6.966030225157737732e-03
2.454086206853389740e-03
5.313573870807886124e-03
0.000000000000000000e+00
6.117456126958131790e-03
2.968507586047053337e-03
7.403106894344091415e-03
3.108536824584007263e-02
0.000000000000000000e+00
8.303579688072204590e-02
5.010319873690605164e-02
0.000000000000000000e+00
1.380091183818876743e-03
0.000000000000000000e+00
1.080138329416513443e-02
0.000000000000000000e+00
1.065551303327083588e-02
1.562825031578540802e-02
1.796072931028902531e-03
0.000000000000000000e+00
1.298744173254817724e-04
1.167242066003382206e-03
8.760068449191749096e-04
1.249240897595882416e-02
0.000000000000000000e+00
3.946876898407936096e-02
2.916194498538970947e-02
2.030202187597751617e-02
0.000000000000000000e+00
0.000000000000000000e+00
3.008183091878890991e-03
2.284921333193778992e-02
3.083985298871994019e-02
1.873409375548362732e-02
0.000000000000000000e+00
3.327869996428489685e-02
6.010112538933753967e-02
0.000000000000000000e+00
6.716353818774223328e-03
1.127102375030517578e-01
2.668094635009765625e-02
1.136922929435968399e-02
9.997090819524601102e-05
1.878779567778110504e-02
6.712926551699638367e-04
7.232953608036041260e-02
2.143409103155136108e-03
1.064390293322503567e-03
0.000000000000000000e+00
6.873816601000726223e-04
3.919262962881475687e-04
0.000000000000000000e+00
9.268762660212814808e-04
2.501017646864056587e-03
1.349046942777931690e-03
8.397052064538002014e-03
2.079977130051702261e-04
0.000000000000000000e+00
3.608148172497749329e-02
0.000000000000000000e+00
5.189257115125656128e-02
0.000000000000000000e+00
7.277700584381818771e-03
1.888215774670243263e-04
5.217113997787237167e-03
4.870339296758174896e-03
4.223793279379606247e-03
8.892381936311721802e-02
4.604912537615746260e-04
1.428825780749320984e-02
0.000000000000000000e+00
1.694657607004046440e-03
3.940812777727842331e-03
8.326731040142476559e-04
9.794094599783420563e-03
1.134574506431818008e-02
2.771501895040273666e-04
0.000000000000000000e+00
0.000000000000000000e+00
5.358020309358835220e-03
5.541213788092136383e-03
0.000000000000000000e+00
1.887440012069419026e-04
2.100365702062845230e-03
3.002075478434562683e-02
1.042488869279623032e-02
8.118155412375926971e-03
0.000000000000000000e+00
5.626004422083497047e-04
3.114665159955620766e-04
4.899993166327476501e-02
1.694987295195460320e-03
0.000000000000000000e+00
8.914394304156303406e-03
0.000000000000000000e+00
1.281219627708196640e-02
1.543295802548527718e-04
0.000000000000000000e+00
7.301663863472640514e-04
1.941061578691005707e-03
0.000000000000000000e+00
4.412450827658176422e-03
7.307243067771196365e-03
2.301080821780487895e-04
2.412318438291549683e-02
0.000000000000000000e+00
1.291193533688783646e-02
5.874171038158237934e-04
1.448426954448223114e-02
0.000000000000000000e+00
0.000000000000000000e+00
1.086880117654800415e-01
2.021573251113295555e-03
7.812087889760732651e-03
4.561330378055572510e-02
4.831650585401803255e-04
4.229677433613687754e-04
6.402955856174230576e-03
0.000000000000000000e+00
1.576898060739040375e-02
4.717882256954908371e-04
1.701927371323108673e-02
5.206196103245019913e-03
0.000000000000000000e+00
7.006344851106405258e-03
4.949373751878738403e-02
6.744531448930501938e-03
1.802227227017283440e-03
4.398488625884056091e-02
2.120461314916610718e-03
7.311701192520558834e-04
5.835939943790435791e-02
4.284661728888750076e-03
4.745005071163177490e-02
0.000000000000000000e+00
9.467666677664965391e-05
5.648105870932340622e-04
1.149277552030980587e-03
2.803105628117918968e-03
0.000000000000000000e+00
6.658530328422784805e-04
1.226878026500344276e-03
8.628399670124053955e-02
3.550871089100837708e-02
3.915727883577346802e-02
1.699492149055004120e-02
7.922442746348679066e-04
1.465492602437734604e-02
5.493662785738706589e-03
9.731858968734741211e-03
1.284848302602767944e-01
0.000000000000000000e+00
8.527027070522308350e-02
0.000000000000000000e+00
4.540849186014384031e-04
1.851512119174003601e-02
2.870272472500801086e-02
0.000000000000000000e+00
2.320458297617733479e-04
0.000000000000000000e+00
1.452627331018447876e-01
6.821758579462766647e-03
8.504258468747138977e-03
1.795667194528505206e-04
1.444292956875870004e-05
3.275286033749580383e-02
1.071019005030393600e-02
3.698971867561340332e-02
3.529975583660416305e-05
0.000000000000000000e+00
2.521353417250793427e-05
0.000000000000000000e+00
1.071738079190254211e-03
1.935166219482198358e-04
1.075806678272783756e-03
9.489279240369796753e-03
0.000000000000000000e+00
1.380905392579734325e-03
7.043935358524322510e-03
5.228961235843598843e-04
1.409992668777704239e-02
4.867815412580966949e-03
0.000000000000000000e+00
0.000000000000000000e+00
3.544081002473831177e-02
2.166298916563391685e-03
0.000000000000000000e+00
3.528619557619094849e-02
2.195268310606479645e-02
1.334095187485218048e-02
0.000000000000000000e+00
9.774018544703722000e-04
4.997927695512771606e-02
2.504811249673366547e-02
6.918166182003915310e-04
4.253164678812026978e-02
1.414175610989332199e-02
8.605903130955994129e-04
2.415318740531802177e-03
7.447612006217241287e-03
7.722182665020227432e-03
1.116254702210426331e-01
2.477419190108776093e-02
7.942525669932365417e-03
1.474654418416321278e-04
9.076596237719058990e-03
2.854292280972003937e-02
1.734555931761860847e-03
0.000000000000000000e+00
4.820699989795684814e-02
2.049892954528331757e-02
7.788348593749105930e-04
8.147875964641571045e-02
1.178012881428003311e-02
7.021446712315082550e-03
1.568417251110076904e-02
4.029758647084236145e-02
0.000000000000000000e+00
8.813923597335815430e-02
7.559181191027164459e-03
0.000000000000000000e+00
2.740295894909650087e-04
9.840127825736999512e-02
6.353314965963363647e-03
7.370342314243316650e-02
2.758059278130531311e-02
0.000000000000000000e+00
8.524364093318581581e-04
1.616468798601999879e-04
2.295531012350693345e-04
2.801305148750543594e-03
1.483504776842892170e-03
6.496355868875980377e-03
0.000000000000000000e+00
1.700704568065702915e-03
0.000000000000000000e+00
0.000000000000000000e+00
1.249665510840713978e-03
5.477741360664367676e-04
7.149406522512435913e-02
6.972549110651016235e-02
0.000000000000000000e+00
1.236541662365198135e-03
2.230215445160865784e-02
9.250910952687263489e-03
5.613327957689762115e-04
2.171303844079375267e-03
8.790269494056701660e-03
0.000000000000000000e+00
1.086278539150953293e-02
5.545554216951131821e-03
3.078734129667282104e-02
2.539387904107570648e-03
6.909537594765424728e-03
2.458798466250300407e-03
8.046344667673110962e-02
0.000000000000000000e+00
4.598953202366828918e-02
3.020071657374501228e-03
0.000000000000000000e+00
7.652385975234210491e-04
0.000000000000000000e+00
1.217285394668579102e-01
0.000000000000000000e+00
8.210509270429611206e-02
0.000000000000000000e+00
6.305390037596225739e-03
0.000000000000000000e+00
1.996857754420489073e-04
1.644872012548148632e-03
0.000000000000000000e+00
2.255330327898263931e-04
1.620530150830745697e-02
2.775567770004272461e-02
0.000000000000000000e+00
3.692252561450004578e-03
1.943067181855440140e-04
5.751843564212322235e-03
0.000000000000000000e+00
2.030206451308913529e-05
1.403331873007118702e-03
4.380022734403610229e-02
3.926730528473854065e-02
0.000000000000000000e+00
4.169053211808204651e-02
3.206441551446914673e-02
1.241275295615196228e-02
0.000000000000000000e+00
5.984819727018475533e-04
5.208952352404594421e-02
1.432829257100820541e-02
7.282962091267108917e-03
2.673107758164405823e-02
2.430686727166175842e-03
2.874995954334735870e-02
0.000000000000000000e+00
3.997078910470008850e-02
3.574874997138977051e-02
2.701278403401374817e-02
5.699136108160018921e-02
0.000000000000000000e+00
0.000000000000000000e+00
1.286002993583679199e-01
6.516469147754833102e-05
0.000000000000000000e+00
9.355113841593265533e-03
1.261415891349315643e-03
6.839069537818431854e-04
6.753475219011306763e-02
7.916536182165145874e-03
4.705277085304260254e-02
1.052297535352408886e-03
0.000000000000000000e+00
1.350997295230627060e-02
1.077761990018188953e-03
3.662158548831939697e-02
0.000000000000000000e+00
1.109496131539344788e-01
9.653599932789802551e-03
6.620462238788604736e-02
3.680826921481639147e-05
0.000000000000000000e+00
2.347332629142329097e-04
2.225062577053904533e-03
8.972363173961639404e-02
3.796234028413891792e-03
1.638036407530307770e-02
0.000000000000000000e+00
1.396576464176177979e-01
0.000000000000000000e+00
6.296302308328449726e-04
3.262095560785382986e-04
6.223821546882390976e-04
0.000000000000000000e+00
6.350766401737928391e-03
9.291633032262325287e-04
1.794975437223911285e-02
0.000000000000000000e+00
1.397718489170074463e-02
1.310077961534261703e-02
0.000000000000000000e+00
2.196168154478073120e-02
9.781816601753234863e-02
6.330139935016632080e-02
3.841042751446366310e-03
1.107429154217243195e-02
5.115991830825805664e-02
6.958189769648015499e-04
3.104021016042679548e-05
0.000000000000000000e+00
2.115168608725070953e-04
2.680847235023975372e-02
0.000000000000000000e+00
6.287153065204620361e-02
0.000000000000000000e+00
0.000000000000000000e+00
0.000000000000000000e+00
2.840431872755289078e-03
3.320540534332394600e-03
1.990125281736254692e-03
1.425472181290388107e-02
1.503741950727999210e-03
5.896814912557601929e-02
4.876818973571062088e-03
0.000000000000000000e+00
1.361299509881064296e-04
1.461169798858463764e-03
2.319178311154246330e-03
6.555581465363502502e-03
1.504548732191324234e-02
8.757442701607942581e-04
0.000000000000000000e+00
0.000000000000000000e+00
2.017746010096743703e-05
2.253890782594680786e-02
3.107693628408014774e-04
3.442143788561224937e-04
8.428980363532900810e-04
1.317643793299794197e-03
1.039693815982900560e-04
0.000000000000000000e+00
1.354646980762481689e-01
9.129687212407588959e-03
2.090670727193355560e-02
4.737061448395252228e-03
5.128799239173531532e-04
0.000000000000000000e+00
1.911433972418308258e-02
3.761900821700692177e-03
1.627930905669927597e-03
2.459447423461824656e-04
6.698136776685714722e-02
5.431567784398794174e-03
2.168781682848930359e-02
4.629136621952056885e-02
1.604997180402278900e-02
0.000000000000000000e+00
2.017143648117780685e-03
1.802780432626605034e-03
0.000000000000000000e+00
0.000000000000000000e+00
4.732497036457061768e-03
0.000000000000000000e+00
9.742291644215583801e-03
4.191725701093673706e-02
1.127087231725454330e-02
1.431306079030036926e-02
2.484267204999923706e-02
2.573776803910732269e-02
9.139452129602432251e-03
4.756905883550643921e-02
3.629854694008827209e-02
0.000000000000000000e+00
2.087435452267527580e-03
2.112786658108234406e-02
0.000000000000000000e+00
0.000000000000000000e+00
9.294381598010659218e-04
9.182587265968322754e-02
6.850635167211294174e-03
4.429419990628957748e-03
2.051786577794700861e-04
3.260097652673721313e-02
3.930768929421901703e-03
0.000000000000000000e+00
7.299230247735977173e-02
1.767093688249588013e-02
0.000000000000000000e+00
0.000000000000000000e+00
4.493861459195613861e-03
0.000000000000000000e+00
0.000000000000000000e+00
1.294526737183332443e-03
5.928996019065380096e-03
2.256166003644466400e-02
0.000000000000000000e+00
1.024303957819938660e-01
1.143440417945384979e-02
0.000000000000000000e+00
5.891140317544341087e-04
3.083053044974803925e-02
7.709135301411151886e-03
0.000000000000000000e+00
0.000000000000000000e+00
3.309400752186775208e-02
0.000000000000000000e+00
6.325435824692249298e-04
0.000000000000000000e+00
1.265562418848276138e-02
0.000000000000000000e+00
6.926851719617843628e-02
8.422129787504673004e-03
0.000000000000000000e+00
0.000000000000000000e+00
5.672432016581296921e-03
0.000000000000000000e+00
1.004693843424320221e-02
9.137284755706787109e-02
5.510552320629358292e-03
7.936612702906131744e-03
1.721801422536373138e-02
4.449681844562292099e-03
3.315268259029835463e-04
0.000000000000000000e+00
9.544183313846588135e-02
7.133169856388121843e-05
1.319525390863418579e-02
1.650272868573665619e-03
3.860458731651306152e-02
8.461505919694900513e-02
2.414279850199818611e-03
0.000000000000000000e+00
0.000000000000000000e+00
2.268384210765361786e-02
7.740630954504013062e-02
4.853641614317893982e-02
0.000000000000000000e+00
8.721116930246353149e-03
1.086050365120172501e-02
9.411963075399398804e-02
1.706790924072265625e-02
0.000000000000000000e+00
4.002118948847055435e-04
1.074565015733242035e-02
0.000000000000000000e+00
0.000000000000000000e+00
0.000000000000000000e+00
1.030914718285202980e-04
1.324823388131335378e-04
5.867960304021835327e-02
7.413618732243776321e-03
7.622743397951126099e-02
8.458082377910614014e-02
2.454177476465702057e-02
9.862963110208511353e-02
0.000000000000000000e+00
1.205553486943244934e-01
0.000000000000000000e+00
4.544609040021896362e-02
0.000000000000000000e+00
0.000000000000000000e+00
1.212774310261011124e-03
0.000000000000000000e+00
0.000000000000000000e+00
0.000000000000000000e+00
2.993441885337233543e-03
1.869974844157695770e-02
6.802287418395280838e-03
2.601382508873939514e-02
4.423760250210762024e-02
2.962560206651687622e-02
5.760991200804710388e-02
3.784521669149398804e-02
1.198287471197545528e-03
5.301609262824058533e-02
6.746410392224788666e-03
0.000000000000000000e+00
0.000000000000000000e+00
1.673147053224965930e-04
7.987180142663419247e-04
3.644948359578847885e-03
0.000000000000000000e+00
0.000000000000000000e+00
0.000000000000000000e+00
1.618460938334465027e-02
6.319432985037565231e-03
2.358123194426298141e-03
6.042531691491603851e-03
0.000000000000000000e+00
0.000000000000000000e+00
0.000000000000000000e+00
2.540965937077999115e-02
1.921563489304389805e-05
3.813809948042035103e-03
4.552245512604713440e-02
0.000000000000000000e+00
7.696941029280424118e-03
4.673024639487266541e-02
0.000000000000000000e+00
0.000000000000000000e+00
2.609479008242487907e-03
8.658750914037227631e-03
3.102695569396018982e-02
8.831542916595935822e-03
3.486060723662376404e-02
2.336395904421806335e-03
5.808423738926649094e-04
1.257627969607710838e-03
3.089020494371652603e-03
1.385255903005599976e-01
2.161546610295772552e-02
1.508094929158687592e-02
0.000000000000000000e+00
9.473319165408611298e-03
6.154268980026245117e-02
3.094905242323875427e-02
0.000000000000000000e+00
3.308603912591934204e-02
1.219760393723845482e-03
2.452569548040628433e-03
4.231319180689752102e-04
1.160078914836049080e-03
4.196339845657348633e-02
0.000000000000000000e+00
4.280980676412582397e-02
0.000000000000000000e+00
0.000000000000000000e+00
3.047165460884571075e-02
4.115490615367889404e-02
2.744010416790843010e-03
1.884313824120908976e-04
1.417273655533790588e-03
4.598040506243705750e-02
8.269219845533370972e-02
0.000000000000000000e+00
4.146452993154525757e-02
0.000000000000000000e+00
4.881291836500167847e-02
1.683697628322988749e-04
4.768709838390350342e-02
0.000000000000000000e+00
3.897196054458618164e-02
0.000000000000000000e+00
2.199150767410174012e-04
1.423336006700992584e-02
2.440453879535198212e-02
0.000000000000000000e+00
6.078863516449928284e-02
1.535117439925670624e-02
1.303102821111679077e-01
0.000000000000000000e+00
0.000000000000000000e+00
0.000000000000000000e+00
1.760957762598991394e-02
4.637876525521278381e-02
5.054642632603645325e-02
3.226701542735099792e-02
0.000000000000000000e+00
0.000000000000000000e+00
1.318842023611068726e-01
0.000000000000000000e+00
3.979420289397239685e-02
0.000000000000000000e+00
9.032004163600504398e-05
6.050097942352294922e-02
1.603426970541477203e-02
1.011101678013801575e-01
7.999530062079429626e-03
0.000000000000000000e+00
2.459533279761672020e-03
4.232108220458030701e-02
1.479516737163066864e-03
0.000000000000000000e+00
0.000000000000000000e+00
1.831217855215072632e-02
2.648744173347949982e-02
0.000000000000000000e+00
1.199075654149055481e-01
0.000000000000000000e+00
0.000000000000000000e+00
2.368669491261243820e-03
1.642935164272785187e-02
2.973336167633533478e-02
1.942100562155246735e-02
0.000000000000000000e+00
5.132146924734115601e-02
0.000000000000000000e+00
0.000000000000000000e+00
3.008435852825641632e-02
9.405790269374847412e-02
0.000000000000000000e+00
0.000000000000000000e+00
0.000000000000000000e+00
9.200949571095407009e-04
7.169188931584358215e-03
0.000000000000000000e+00
3.421670524403452873e-03
2.391372621059417725e-02
4.001975059509277344e-02
1.411916781216859818e-02
5.878507345914840698e-02
3.622992153395898640e-05
7.162003219127655029e-02
1.031089201569557190e-02
1.553203328512609005e-03
4.217219725251197815e-02
0.000000000000000000e+00
3.461573645472526550e-02
1.663392595946788788e-02
2.518090885132551193e-03
0.000000000000000000e+00
1.740835257805883884e-03
1.474877237342298031e-03
7.586112478747963905e-04
3.112156642600893974e-03
9.896479547023773193e-02
0.000000000000000000e+00
0.000000000000000000e+00
0.000000000000000000e+00
0.000000000000000000e+00
0.000000000000000000e+00
0.000000000000000000e+00
2.589937672019004822e-02
0.000000000000000000e+00
1.781462505459785461e-02
0.000000000000000000e+00
3.431252436712384224e-03
3.508165106177330017e-02
0.000000000000000000e+00
0.000000000000000000e+00
0.000000000000000000e+00
1.605022884905338287e-02
0.000000000000000000e+00
0.000000000000000000e+00
6.513684638775885105e-04
1.683484390377998352e-02
2.090892009437084198e-02
3.568201139569282532e-02
0.000000000000000000e+00
2.719542942941188812e-03
0.000000000000000000e+00
1.950832828879356384e-02
0.000000000000000000e+00
3.548524528741836548e-02
0.000000000000000000e+00
1.547054620459675789e-03
8.189722150564193726e-02
4.492323473095893860e-02
1.070272698998451233e-01
0.000000000000000000e+00
0.000000000000000000e+00
1.412127632647752762e-03
3.247495274990797043e-03
2.203764766454696655e-02
4.519656300544738770e-02
0.000000000000000000e+00
0.000000000000000000e+00
7.388860918581485748e-03
0.000000000000000000e+00
1.976484432816505432e-03
5.711429566144943237e-02
4.075897391885519028e-03
1.974130421876907349e-02
2.918249811045825481e-04
0.000000000000000000e+00
0.000000000000000000e+00
6.405287235975265503e-02
2.672012895345687866e-02
1.315602567046880722e-03
0.000000000000000000e+00
1.930383779108524323e-02
0.000000000000000000e+00
3.886689245700836182e-02
3.324123797938227654e-03
9.733635000884532928e-03
1.540908310562372208e-02
0.000000000000000000e+00
1.022243450279347599e-04
2.282591164112091064e-02
0.000000000000000000e+00
0.000000000000000000e+00
0.000000000000000000e+00
3.403013688512146473e-04
3.063366375863552094e-02
2.183749107643961906e-03
2.971834316849708557e-02
9.436554391868412495e-04
3.814471419900655746e-03
0.000000000000000000e+00
5.772136151790618896e-02
1.664364784955978394e-01
4.185371566563844681e-03
4.299206286668777466e-02
2.037821104750037193e-03
0.000000000000000000e+00
4.623582586646080017e-02
0.000000000000000000e+00
1.023199758492410183e-03
7.172179903136566281e-05
3.470179392024874687e-03
0.000000000000000000e+00
2.984962612390518188e-02
2.271858416497707367e-02
9.421385824680328369e-03
0.000000000000000000e+00
1.499248389154672623e-02
0.000000000000000000e+00
0.000000000000000000e+00
0.000000000000000000e+00
8.855090127326548100e-04
1.435905881226062775e-02
6.596460007131099701e-04
3.833964467048645020e-02
0.000000000000000000e+00
2.599314413964748383e-02
8.285246440209448338e-04
0.000000000000000000e+00
2.746528189163655043e-04
1.305737346410751343e-01
4.716733470559120178e-03
4.867861978709697723e-03
0.000000000000000000e+00
3.592302324250340462e-03
3.612259775400161743e-02
2.443576604127883911e-02
1.454698969610035419e-03
1.988714747130870819e-02
0.000000000000000000e+00
2.840839442797005177e-05
2.782564144581556320e-03
0.000000000000000000e+00
0.000000000000000000e+00
0.000000000000000000e+00
0.000000000000000000e+00
1.844253949820995331e-02
1.484075747430324554e-02
7.159023545682430267e-03
1.970106502994894981e-03
4.583809524774551392e-02
2.701289951801300049e-02
6.400415301322937012e-02
4.935875535011291504e-03
1.545719895511865616e-02
2.759359031915664673e-02
4.535175487399101257e-02
1.286482717841863632e-02
8.857728971634060144e-05
2.832118421792984009e-02
0.000000000000000000e+00
1.758232829160988331e-03
0.000000000000000000e+00
0.000000000000000000e+00
5.797430407255887985e-03
5.513610085472464561e-05
3.121915832161903381e-02
4.420701414346694946e-03
5.409210920333862305e-02
6.565967109054327011e-03
3.139055101200938225e-03
1.261413190513849258e-02
1.407736912369728088e-03
1.462539657950401306e-03
5.698874592781066895e-03
1.933363382704555988e-03
1.649973331950604916e-03
3.028434514999389648e-02
3.038450889289379120e-02
5.117019638419151306e-03
9.524926543235778809e-03
0.000000000000000000e+00
0.000000000000000000e+00
4.784677922725677490e-02
4.210775252431631088e-03
1.247786823660135269e-02
6.908816099166870117e-02
0.000000000000000000e+00
1.331461593508720398e-02
7.669977843761444092e-03
2.995514683425426483e-02
9.975414723157882690e-03
1.289948821067810059e-03
0.000000000000000000e+00
8.353714947588741779e-04
3.559361910447478294e-03
6.470064166933298111e-03
0.000000000000000000e+00
2.228663489222526550e-02
3.198634600266814232e-03
3.863400220870971680e-02
1.133357407525181770e-03
1.992021570913493633e-04
3.629776649177074432e-03
4.818922374397516251e-03
1.536150230094790459e-03
1.251364313066005707e-02
0.000000000000000000e+00
5.854145456396508962e-06
0.000000000000000000e+00
0.000000000000000000e+00
1.827555000782012939e-01
0.000000000000000000e+00
3.854985162615776062e-02
3.294035559520125389e-03
3.175787255167961121e-02
3.865965828299522400e-02
8.701735734939575195e-02
5.006587877869606018e-02
0.000000000000000000e+00
6.538723129779100418e-03
0.000000000000000000e+00
9.139880421571433544e-04
3.775243833661079407e-02
9.863141924142837524e-02
5.618965951725840569e-04
1.543471589684486389e-02
4.098126292228698730e-02
9.688072837889194489e-03
5.660712718963623047e-02
0.000000000000000000e+00
2.822324633598327637e-03
2.246406301856040955e-02
2.179764211177825928e-03
0.000000000000000000e+00
3.570290748029947281e-03
1.126801222562789917e-01
2.039058133959770203e-02
0.000000000000000000e+00
0.000000000000000000e+00
0.000000000000000000e+00
4.275927785784006119e-04
0.000000000000000000e+00
1.283665839582681656e-02
3.722046501934528351e-03
0.000000000000000000e+00
5.014027282595634460e-02
1.919045671820640564e-02
3.552534058690071106e-02
1.705906470306217670e-03
2.011958509683609009e-02
9.230304276570677757e-04
3.048559650778770447e-02
0.000000000000000000e+00
1.046378514729440212e-03
0.000000000000000000e+00
0.000000000000000000e+00
0.000000000000000000e+00
1.883250195533037186e-03
9.205075912177562714e-03
1.605845801532268524e-02
0.000000000000000000e+00
1.936844177544116974e-02
6.601054966449737549e-02
1.963815157068893313e-04
0.000000000000000000e+00
0.000000000000000000e+00
0.000000000000000000e+00
0.000000000000000000e+00
1.210848614573478699e-02
5.391343496739864349e-03
5.875394493341445923e-02
0.000000000000000000e+00
0.000000000000000000e+00
3.248666599392890930e-02
1.364047080278396606e-02
0.000000000000000000e+00
1.905812136828899384e-02
0.000000000000000000e+00
1.034016162157058716e-01
1.782630942761898041e-02
2.707567252218723297e-02
6.918472703546285629e-03
2.775310166180133820e-02
7.379760593175888062e-02
1.249360572546720505e-02
3.335278108716011047e-02
4.847683757543563843e-02
1.741181709803640842e-03
2.095711417496204376e-02
2.208269760012626648e-02
2.300620451569557190e-02
8.615756779909133911e-02
8.289465331472456455e-04
2.931359689682722092e-03
1.313360035419464111e-02
0.000000000000000000e+00
3.897538781166076660e-02
0.000000000000000000e+00
0.000000000000000000e+00
0.000000000000000000e+00
0.000000000000000000e+00
1.006741914898157120e-02
1.772402785718441010e-02
0.000000000000000000e+00
0.000000000000000000e+00
1.722035347484052181e-03
3.751730546355247498e-02
1.084562973119318485e-03
2.782601676881313324e-02
0.000000000000000000e+00
0.000000000000000000e+00
5.451030656695365906e-02
6.797134876251220703e-02
5.128270387649536133e-02
1.038239244371652603e-02
1.246981881558895111e-02
3.559193387627601624e-02
8.657234907150268555e-02
0.000000000000000000e+00
0.000000000000000000e+00
4.322851542383432388e-03
3.918964043259620667e-02
0.000000000000000000e+00
3.285398415755480528e-04
6.919287261553108692e-04
2.388260141015052795e-02
2.324328199028968811e-02
6.821998860687017441e-03
0.000000000000000000e+00
9.832619689404964447e-03
0.000000000000000000e+00
7.867840677499771118e-02
0.000000000000000000e+00
1.206654487759806216e-04
2.420112723484635353e-03
1.270775217562913895e-03
6.267299409955739975e-03
1.751250587403774261e-03
0.000000000000000000e+00
2.110678935423493385e-03
4.909622296690940857e-02
9.285449050366878510e-03
0.000000000000000000e+00
1.949470117688179016e-02
3.198792110197246075e-04
0.000000000000000000e+00
2.055659517645835876e-02
1.171023305505514145e-02
1.180806080810725689e-03
0.000000000000000000e+00
3.876385453622788191e-04
7.990357466042041779e-03
0.000000000000000000e+00
5.826245760545134544e-04
3.930230624973773956e-03
1.709636300802230835e-03
3.265692619606852531e-03
0.000000000000000000e+00
1.593144959770143032e-03
2.448649704456329346e-02
0.000000000000000000e+00
4.341252148151397705e-03
0.000000000000000000e+00
0.000000000000000000e+00
7.162536028772592545e-03
0.000000000000000000e+00
0.000000000000000000e+00
4.999871365725994110e-03
2.630889415740966797e-03
1.085194380721077323e-04
2.046504430472850800e-02
2.413086127489805222e-03
3.468536888249218464e-04
3.683699667453765869e-02
0.000000000000000000e+00
9.350609965622425079e-03
3.848706837743520737e-03
0.000000000000000000e+00
1.289177220314741135e-03
6.511083338409662247e-03
0.000000000000000000e+00
3.630924737080931664e-03
2.865657443180680275e-03
0.000000000000000000e+00
1.433531288057565689e-03
3.003210015594959259e-02
7.315828464925289154e-03
3.489657491445541382e-02
7.169536501169204712e-02
1.511701033450663090e-03
6.216462235897779465e-03
0.000000000000000000e+00
1.309814164415001869e-03
3.769107908010482788e-02
0.000000000000000000e+00
4.601380322128534317e-03
1.871342537924647331e-03
2.710762899369001389e-03
0.000000000000000000e+00
8.671405725181102753e-03
2.124511636793613434e-03
4.757433198392391205e-03
2.847771719098091125e-02
0.000000000000000000e+00
8.565974980592727661e-02
3.740922361612319946e-02
0.000000000000000000e+00
3.117106098216027021e-05
0.000000000000000000e+00
9.889917448163032532e-03
0.000000000000000000e+00
9.064581245183944702e-03
1.178070250898599625e-02
1.160631189122796059e-03
1.817799871787428856e-03
1.014694571495056152e-03
5.006405524909496307e-03
1.204282627440989017e-03
2.572677098214626312e-02
0.000000000000000000e+00
3.080877475440502167e-02
3.457441553473472595e-02
1.760295592248439789e-02
0.000000000000000000e+00
0.000000000000000000e+00
5.284829996526241302e-03
2.384241856634616852e-02
4.481131955981254578e-02
9.828639216721057892e-03
0.000000000000000000e+00
2.151889726519584656e-02
5.650668218731880188e-02
0.000000000000000000e+00
6.321898195892572403e-03
1.120178848505020142e-01
3.404489159584045410e-02
1.112789753824472427e-02
0.000000000000000000e+00
2.902924083173274994e-02
1.195066724903881550e-03
6.448847055435180664e-02
2.568167168647050858e-03
1.817648648284375668e-03
5.979515844956040382e-05
1.119014690630137920e-03
8.389009599341079593e-05
0.000000000000000000e+00
1.120711560361087322e-03
1.019590999931097031e-03
2.011001808568835258e-03
1.112597994506359100e-02
2.198051224695518613e-04
0.000000000000000000e+00
4.496277868747711182e-02
0.000000000000000000e+00
5.945802107453346252e-02
0.000000000000000000e+00
6.279933266341686249e-03
4.346176283434033394e-04
7.409361191093921661e-03
4.402756225317716599e-03
8.760676719248294830e-03
8.780267089605331421e-02
3.028356877621263266e-04
2.263927832245826721e-02
0.000000000000000000e+00
1.911513507366180420e-03
9.971043094992637634e-03
4.598341183736920357e-04
1.149831153452396393e-02
1.312386058270931244e-02
2.792547456920146942e-04
0.000000000000000000e+00
0.000000000000000000e+00
3.395345993340015411e-03
1.143635250627994537e-02
0.000000000000000000e+00
2.807378768920898438e-04
2.264115959405899048e-03
2.570848353207111359e-02
1.842897385358810425e-02
1.214177347719669342e-02
0.000000000000000000e+00
5.694525782018899918e-03
4.217926179990172386e-04
3.383317962288856506e-02
1.444635097868740559e-03
0.000000000000000000e+00
1.263133902102708817e-02
0.000000000000000000e+00
1.220726221799850464e-02
0.000000000000000000e+00
0.000000000000000000e+00
8.793055312708020210e-04
2.309486968442797661e-03
0.000000000000000000e+00
3.762552747502923012e-03
8.379058912396430969e-03
2.119229175150394440e-04
1.801160164177417755e-02
0.000000000000000000e+00
2.256963588297367096e-02
5.873448099009692669e-04
2.090959809720516205e-02
0.000000000000000000e+00
0.000000000000000000e+00
1.092800945043563843e-01
8.059680461883544922e-03
9.592027403414249420e-03
4.160691052675247192e-02
4.704622260760515928e-04
7.466734386980533600e-04
5.589551292359828949e-03
0.000000000000000000e+00
1.227191556245088577e-02
5.628451472148299217e-04
1.948727853596210480e-02
6.788388825953006744e-03
0.000000000000000000e+00
6.188235711306333542e-03
6.869229674339294434e-02
9.031710214912891388e-03
1.914249733090400696e-03
4.776692390441894531e-02
1.065165363252162933e-02
3.594046575017273426e-04
8.815301209688186646e-02
5.932566709816455841e-03
4.884099960327148438e-02
0.000000000000000000e+00
0.000000000000000000e+00
3.583298530429601669e-04
5.800500046461820602e-03
9.559158934280276299e-04
0.000000000000000000e+00
9.853277588263154030e-04
9.484022739343345165e-04
8.964533358812332153e-02
3.967408463358879089e-02
4.547015950083732605e-02
1.975591480731964111e-02
1.259908312931656837e-03
1.615307666361331940e-02
1.600503921508789062e-02
3.155265003442764282e-03
1.234444454312324524e-01
0.000000000000000000e+00
8.754523843526840210e-02
0.000000000000000000e+00
8.355260943062603474e-04
1.996079459786415100e-02
2.738937921822071075e-02
0.000000000000000000e+00
3.338782989885658026e-04
0.000000000000000000e+00
1.098627001047134399e-01
8.274555206298828125e-03
1.680454798042774200e-02
0.000000000000000000e+00
5.868110019946470857e-05
2.163525484502315521e-02
1.038742065429687500e-02
3.891288489103317261e-02
7.177018414949998260e-05
0.000000000000000000e+00
1.003254510578699410e-04
0.000000000000000000e+00
1.504191197454929352e-03
3.168593859300017357e-03
3.134709550067782402e-03
7.274138275533914566e-03
0.000000000000000000e+00
1.278651994653046131e-03
1.554716099053621292e-02
4.624515131581574678e-04
7.191269192844629288e-03
8.315730839967727661e-03
3.703030233737081289e-05
9.614050504751503468e-04
2.339622750878334045e-02
3.415935207158327103e-03
0.000000000000000000e+00
4.095209389925003052e-02
1.854846440255641937e-02
1.824880391359329224e-02
0.000000000000000000e+00
1.338693778961896896e-03
4.022233188152313232e-02
4.201834276318550110e-02
7.474971353076398373e-04
3.520371392369270325e-02
1.140202488750219345e-02
1.119842054322361946e-03
4.012080840766429901e-03
1.775156892836093903e-02
5.253908224403858185e-03
1.123644784092903137e-01
2.359643206000328064e-02
1.067209616303443909e-02
3.196362813469022512e-04
9.287181310355663300e-03
3.924644365906715393e-02
0.000000000000000000e+00
0.000000000000000000e+00
4.348714649677276611e-02
1.454645302146673203e-02
3.028321661986410618e-04
7.465339452028274536e-02
1.376407500356435776e-02
4.595525562763214111e-03
3.863420337438583374e-02
3.601971641182899475e-02
0.000000000000000000e+00
8.834504336118698120e-02
1.363213080912828445e-02
0.000000000000000000e+00
2.669517125468701124e-04
8.939478546380996704e-02
3.806834574788808823e-03
7.526698708534240723e-02
3.570691496133804321e-02
0.000000000000000000e+00
4.834490027860738337e-05
2.044267312157899141e-04
1.091873622499406338e-03
5.854101385921239853e-03
1.463644555769860744e-03
5.799591075628995895e-03
0.000000000000000000e+00
4.829698707908391953e-03
0.000000000000000000e+00
0.000000000000000000e+00
1.345755154034122825e-04
5.688152741640806198e-04
7.691075652837753296e-02
6.993989646434783936e-02
0.000000000000000000e+00
2.673018258064985275e-03
1.609543524682521820e-02
7.269459776580333710e-03
5.622364915325306356e-05
2.262981608510017395e-03
2.147099748253822327e-02
0.000000000000000000e+00
7.430469617247581482e-03
3.241674974560737610e-03
3.762909770011901855e-02
2.016038168221712112e-03
6.882093381136655807e-03
2.258350839838385582e-03
7.762911915779113770e-02
2.787819539662450552e-04
4.633775353431701660e-02
3.991637378931045532e-03
0.000000000000000000e+00
1.009495346806943417e-03
0.000000000000000000e+00
1.163499578833580017e-01
0.000000000000000000e+00
6.633199006319046021e-02
0.000000000000000000e+00
1.978330127894878387e-02
4.357586658443324268e-05
0.000000000000000000e+00
9.640144417062401772e-04
0.000000000000000000e+00
4.399220342747867107e-04
1.296933088451623917e-02
2.219535037875175476e-02
0.000000000000000000e+00
3.266605315729975700e-03
4.757205897476524115e-04
1.371839735656976700e-02
0.000000000000000000e+00
0.000000000000000000e+00
1.308297622017562389e-03
5.875467509031295776e-02
4.968782886862754822e-02
0.000000000000000000e+00
3.296283632516860962e-02
2.882235497236251831e-02
1.076788641512393951e-02
2.221562433987855911e-03
4.537660279311239719e-04
5.739189311861991882e-02
7.611185777932405472e-03
1.413699891418218613e-02
3.152099251747131348e-02
7.465880480594933033e-04
2.926547639071941376e-02
0.000000000000000000e+00
4.646285250782966614e-02
4.029824584722518921e-02
3.519665077328681946e-02
5.281295254826545715e-02
0.000000000000000000e+00
0.000000000000000000e+00
1.461652517318725586e-01
9.739958477439358830e-05
4.625259898602962494e-04
9.289260953664779663e-03
1.277153642149642110e-04
2.529675657569896430e-05
7.132565230131149292e-02
7.966377772390842438e-03
4.267654195427894592e-02
1.291443128138780594e-03
0.000000000000000000e+00
2.149423770606517792e-02
3.576545714167878032e-05
4.278511554002761841e-02
0.000000000000000000e+00
9.504231065511703491e-02
8.557057008147239685e-03
6.077769771218299866e-02
1.109527656808495522e-04
0.000000000000000000e+00
3.548842214513570070e-04
6.518653128296136856e-03
8.796438574790954590e-02
9.435586631298065186e-03
7.076922804117202759e-03
0.000000000000000000e+00
1.299632042646408081e-01
0.000000000000000000e+00
1.762006198987364769e-03
1.912291510961949825e-03
2.786211203783750534e-03
0.000000000000000000e+00
5.194221623241901398e-03
1.385144540108740330e-03
1.662534475326538086e-02
0.000000000000000000e+00
2.518964931368827820e-02
1.714779064059257507e-02
0.000000000000000000e+00
2.502889931201934814e-02
9.764771163463592529e-02
8.057070523500442505e-02
7.014719303697347641e-03
1.053798571228981018e-02
4.708261787891387939e-02
2.427399449516087770e-04
1.395927829435095191e-04
4.949180220137350261e-05
0.000000000000000000e+00
4.362615942955017090e-02
0.000000000000000000e+00
6.342329084873199463e-02
0.000000000000000000e+00
0.000000000000000000e+00
0.000000000000000000e+00
3.793949959799647331e-03
7.211394142359495163e-03
1.069084159098565578e-03
1.809418201446533203e-02
2.234641433460637927e-04
6.272988766431808472e-02
4.955583717674016953e-03
0.000000000000000000e+00
2.874199417419731617e-04
1.336386776529252529e-03
2.527838572859764099e-03
1.689394749701023102e-02
7.969100028276443481e-03
3.818483382929116488e-04
0.000000000000000000e+00
0.000000000000000000e+00
5.997785832732915878e-03
1.275059860199689865e-02
4.205229342915117741e-04
5.920812254771590233e-04
9.875016985461115837e-04
2.867420436814427376e-03
4.709804779849946499e-04
5.907204467803239822e-04
1.303261518478393555e-01
9.444895200431346893e-03
2.647395245730876923e-02
3.908203449100255966e-03
0.000000000000000000e+00
0.000000000000000000e+00
8.859383873641490936e-03
4.184154327958822250e-03
4.912492353469133377e-03
3.648834826890379190e-04
8.049771189689636230e-02
8.118883706629276276e-03
2.915443293750286102e-02
4.518191143870353699e-02
1.916243322193622589e-02
0.000000000000000000e+00
1.999167259782552719e-03
2.939497062470763922e-04
0.000000000000000000e+00
0.000000000000000000e+00
4.799874499440193176e-03
2.171294363506603986e-05
4.908384755253791809e-03
3.093043714761734009e-02
9.751642122864723206e-03
7.842437364161014557e-03
3.337635099887847900e-02
2.768927067518234253e-02
2.298972755670547485e-02
5.357020720839500427e-02
2.470692805945873260e-02
0.000000000000000000e+00
0.000000000000000000e+00
1.328229159116744995e-02
0.000000000000000000e+00
0.000000000000000000e+00
8.666408248245716095e-04
8.086565881967544556e-02
6.472363602370023727e-03
4.100933205336332321e-03
0.000000000000000000e+00
3.027514927089214325e-02
7.216739468276500702e-03
0.000000000000000000e+00
7.248825579881668091e-02
2.818908728659152985e-02
0.000000000000000000e+00
0.000000000000000000e+00
1.211060956120491028e-02
0.000000000000000000e+00
0.000000000000000000e+00
7.838056422770023346e-03
9.140213951468467712e-03
3.735565394163131714e-02
0.000000000000000000e+00
9.932409971952438354e-02
1.093207206577062607e-02
0.000000000000000000e+00
3.272760950494557619e-04
3.133640438318252563e-02
2.136722905561327934e-03
0.000000000000000000e+00
0.000000000000000000e+00
3.453221544623374939e-02
0.000000000000000000e+00
7.754142861813306808e-04
0.000000000000000000e+00
1.151914149522781372e-02
0.000000000000000000e+00
6.593056023120880127e-02
7.923955097794532776e-03
0.000000000000000000e+00
0.000000000000000000e+00
6.405583117157220840e-03
0.000000000000000000e+00
4.793758969753980637e-03
1.135150641202926636e-01
1.190911233425140381e-02
8.076756261289119720e-03
2.848391979932785034e-02
3.523436607792973518e-03
0.000000000000000000e+00
0.000000000000000000e+00
1.005242913961410522e-01
1.317498390562832355e-04
1.704848185181617737e-02
7.701850845478475094e-04
4.275306686758995056e-02
8.159454166889190674e-02
6.743990816175937653e-03
0.000000000000000000e+00
2.442013646941632032e-04
1.833031326532363892e-02
8.217017352581024170e-02
4.199485853314399719e-02
0.000000000000000000e+00
1.484661642462015152e-02
9.580773301422595978e-03
8.642874658107757568e-02
1.079794485121965408e-02
0.000000000000000000e+00
4.837279266212135553e-04
8.997405879199504852e-03
0.000000000000000000e+00
0.000000000000000000e+00
4.823912604479119182e-06
3.417366824578493834e-04
2.359486097702756524e-05
5.646547302603721619e-02
1.025839895009994507e-02
6.845257431268692017e-02
6.939949840307235718e-02
1.971035450696945190e-02
9.480597078800201416e-02
1.259245982510037720e-05
1.055433377623558044e-01
0.000000000000000000e+00
5.475502088665962219e-02
0.000000000000000000e+00
3.585629747249186039e-04
4.904390079900622368e-04
0.000000000000000000e+00
0.000000000000000000e+00
1.293252571485936642e-04
8.633314631879329681e-03
1.871179416775703430e-02
7.784179877489805222e-03
2.889570035040378571e-02
4.868080839514732361e-02
2.949634939432144165e-02
5.634471029043197632e-02
4.712649807333946228e-02
6.613946752622723579e-04
5.466809868812561035e-02
5.684815347194671631e-03
0.000000000000000000e+00
1.541795558296144009e-03
2.374447503825649619e-04
1.189867325592786074e-04
7.481520064175128937e-03
0.000000000000000000e+00
0.000000000000000000e+00
0.000000000000000000e+00
1.880770176649093628e-02
4.568005446344614029e-03
2.525261137634515762e-03
3.710928838700056076e-03
0.000000000000000000e+00
0.000000000000000000e+00
0.000000000000000000e+00
4.121507331728935242e-02
4.369709640741348267e-03
2.586680231615900993e-03
3.945821523666381836e-02
1.439868501620367169e-04
1.591146364808082581e-02
4.636233672499656677e-02
0.000000000000000000e+00
0.000000000000000000e+00
4.346855450421571732e-03
1.410463172942399979e-02
3.743651136755943298e-02
7.926096208393573761e-03
3.108285367488861084e-02
7.752592209726572037e-03
4.037391336169093847e-04
2.270522061735391617e-03
2.212907187640666962e-03
1.369270682334899902e-01
1.660501956939697266e-02
1.666659116744995117e-02
0.000000000000000000e+00
1.400501839816570282e-02
7.356239110231399536e-02
3.171095624566078186e-02
0.000000000000000000e+00
3.478211537003517151e-02
4.603844135999679565e-03
4.092510323971509933e-03
1.691997284069657326e-03
8.577146218158304691e-04
4.699536785483360291e-02
0.000000000000000000e+00
5.237038806080818176e-02
0.000000000000000000e+00
0.000000000000000000e+00
2.987896837294101715e-02
4.787804931402206421e-02
1.990514574572443962e-03
2.834925253409892321e-04
2.615151926875114441e-03
5.453216284513473511e-02
7.929197698831558228e-02
0.000000000000000000e+00
4.230743274092674255e-02
0.000000000000000000e+00
4.554491490125656128e-02
5.621504969894886017e-03
5.469632521271705627e-02
0.000000000000000000e+00
3.756748512387275696e-02
0.000000000000000000e+00
4.781744792126119137e-05
1.411822810769081116e-02
2.315680868923664093e-02
1.615391956875100732e-04
6.500124186277389526e-02
2.044842205941677094e-02
1.351562142372131348e-01
0.000000000000000000e+00
0.000000000000000000e+00
0.000000000000000000e+00
2.021365053951740265e-02
2.638377435505390167e-02
3.901582583785057068e-02
2.798582054674625397e-02
0.000000000000000000e+00
0.000000000000000000e+00
1.393388956785202026e-01
0.000000000000000000e+00
4.762525483965873718e-02
0.000000000000000000e+00
0.000000000000000000e+00
5.996400862932205200e-02
2.165108546614646912e-02
1.324130892753601074e-01
2.278621681034564972e-02
1.605930388905107975e-03
1.903292373754084110e-03
2.529710344970226288e-02
2.497866749763488770e-03
0.000000000000000000e+00
0.000000000000000000e+00
1.054111775010824203e-02
2.334563434123992920e-02
0.000000000000000000e+00
1.168314740061759949e-01
0.000000000000000000e+00
0.000000000000000000e+00
3.634701482951641083e-03
2.556295879185199738e-02
2.572985924780368805e-02
1.417029369622468948e-02
0.000000000000000000e+00
4.954513534903526306e-02
0.000000000000000000e+00
0.000000000000000000e+00
2.411483414471149445e-02
8.418198674917221069e-02
0.000000000000000000e+00
6.397578545147553086e-05
0.000000000000000000e+00
3.709972952492535114e-05
6.754776462912559509e-03
8.499695104546844959e-04
4.376322031021118164e-03
2.596178837120532990e-02
4.087368771433830261e-02
1.601589284837245941e-02
4.748731106519699097e-02
2.987205516546964645e-05
7.538048923015594482e-02
9.574945084750652313e-03
1.693162135779857635e-03
3.080478683114051819e-02
0.000000000000000000e+00
1.967956870794296265e-02
1.571523770689964294e-02
0.000000000000000000e+00
0.000000000000000000e+00
9.223913657478988171e-04
2.485371893271803856e-03
8.138315752148628235e-05
4.881457891315221786e-03
7.256572693586349487e-02
0.000000000000000000e+00
0.000000000000000000e+00
0.000000000000000000e+00
0.000000000000000000e+00
0.000000000000000000e+00
0.000000000000000000e+00
2.417675592005252838e-02
0.000000000000000000e+00
6.428244058042764664e-03
0.000000000000000000e+00
3.356753848493099213e-03
1.492062397301197052e-02
0.000000000000000000e+00
0.000000000000000000e+00
0.000000000000000000e+00
2.638208121061325073e-02
0.000000000000000000e+00
0.000000000000000000e+00
2.897490339819341898e-04
1.142704393714666367e-02
5.654954817146062851e-03
3.159009665250778198e-02
0.000000000000000000e+00
4.566869174595922232e-04
0.000000000000000000e+00
1.695907488465309143e-02
0.000000000000000000e+00
2.739045768976211548e-02
0.000000000000000000e+00
4.577088635414838791e-03
7.819028943777084351e-02
5.158448591828346252e-02
9.604913741350173950e-02
0.000000000000000000e+00
0.000000000000000000e+00
0.000000000000000000e+00
6.907551083713769913e-03
2.366246469318866730e-02
4.654181748628616333e-02
0.000000000000000000e+00
0.000000000000000000e+00
1.030151359736919403e-02
0.000000000000000000e+00
9.299365920014679432e-04
4.413544386625289917e-02
1.612391555681824684e-03
1.754056289792060852e-02
1.508719753473997116e-03
0.000000000000000000e+00
0.000000000000000000e+00
7.092519104480743408e-02
1.089605595916509628e-02
0.000000000000000000e+00
0.000000000000000000e+00
2.087498828768730164e-02
0.000000000000000000e+00
5.492769554257392883e-02
3.049043472856283188e-03
1.788607798516750336e-02
1.206613425165414810e-02
0.000000000000000000e+00
3.515288699418306351e-03
4.940629377961158752e-02
0.000000000000000000e+00
0.000000000000000000e+00
5.407587159425020218e-04
2.825201372615993023e-04
3.610563278198242188e-02
1.580087700858712196e-03
3.218994289636611938e-02
1.332699437625706196e-03
4.027232527732849121e-03
0.000000000000000000e+00
6.361810117959976196e-02
1.626349091529846191e-01
3.601268632337450981e-03
4.447943344712257385e-02
2.085936255753040314e-03
0.000000000000000000e+00
4.824851453304290771e-02
0.000000000000000000e+00
1.243172155227512121e-04
1.762154170137364417e-05
2.398589393123984337e-03
0.000000000000000000e+00
2.442581951618194580e-02
2.140631712973117828e-02
1.011616829782724380e-02
0.000000000000000000e+00
1.234919019043445587e-02
0.000000000000000000e+00
0.000000000000000000e+00
0.000000000000000000e+00
1.439941814169287682e-03
1.950271055102348328e-02
1.185036962851881981e-03
3.563982993364334106e-02
0.000000000000000000e+00
1.927098818123340607e-02
9.401548304595053196e-04
0.000000000000000000e+00
5.103353760205209255e-04
1.170672625303268433e-01
5.090077407658100128e-03
6.464429199695587158e-03
0.000000000000000000e+00
3.775605000555515289e-03
3.608929365873336792e-02
2.986844442784786224e-02
1.599752227775752544e-03
2.375237271189689636e-02
0.000000000000000000e+00
8.604143513366580009e-04
1.569150015711784363e-03
0.000000000000000000e+00
0.000000000000000000e+00
0.000000000000000000e+00
0.000000000000000000e+00
1.955490000545978546e-02
4.849608987569808960e-03
6.748459767550230026e-03
2.016650047153234482e-03
3.832053765654563904e-02
2.526555955410003662e-02
4.673845693469047546e-02
3.085419768467545509e-03
1.542457938194274902e-02
3.434184566140174866e-02
3.605664521455764771e-02
1.230705063790082932e-02
6.738251977367326617e-05
3.350165486335754395e-02
0.000000000000000000e+00
1.378601882606744766e-03
0.000000000000000000e+00
0.000000000000000000e+00
1.021433994174003601e-02
7.501738145947456360e-04
2.969191968441009521e-02
6.369349546730518341e-03
5.676965042948722839e-02
7.730193901807069778e-03
2.946441760286688805e-03
1.335049513727426529e-02
7.227819151012226939e-05
1.029324135743081570e-03
4.929873626679182053e-03
2.498700981959700584e-03
1.114614657126367092e-03
2.756919525563716888e-02
2.273467369377613068e-02
5.439565982669591904e-03
1.134502235800027847e-02
0.000000000000000000e+00
0.000000000000000000e+00
4.240119829773902893e-02
1.674236264079809189e-03
1.730190217494964600e-02
6.747537851333618164e-02
0.000000000000000000e+00
1.591972447931766510e-02
8.988327346742153168e-03
2.723429724574089050e-02
1.379902847111225128e-02
1.391884754411876202e-03
0.000000000000000000e+00
0.000000000000000000e+00
1.703209360130131245e-03
1.062360475771129131e-03
0.000000000000000000e+00
2.181068994104862213e-02
2.250178949907422066e-03
4.316387325525283813e-02
0.000000000000000000e+00
1.246317289769649506e-03
3.909219522029161453e-03
9.363794699311256409e-03
2.860835753381252289e-03
1.120684202760457993e-02
0.000000000000000000e+00
1.060813883668743074e-04
0.000000000000000000e+00
0.000000000000000000e+00
1.755996197462081909e-01
0.000000000000000000e+00
4.125763103365898132e-02
2.928563160821795464e-03
3.203874081373214722e-02
3.778335452079772949e-02
8.742591738700866699e-02
5.667186155915260315e-02
0.000000000000000000e+00
7.289656903594732285e-03
0.000000000000000000e+00
2.931310096755623817e-03
3.083698637783527374e-02
9.000395238399505615e-02
4.546447598841041327e-04
1.472934056073427200e-02
4.744779318571090698e-02
1.573222503066062927e-02
5.767164006829261780e-02
0.000000000000000000e+00
3.425111062824726105e-03
3.142773732542991638e-02
2.447680744808167219e-04
0.000000000000000000e+00
7.115962915122509003e-03
1.102966517210006714e-01
2.363920398056507111e-02
0.000000000000000000e+00
0.000000000000000000e+00
1.876223977888002992e-04
5.079290713183581829e-04
7.838349847588688135e-05
9.274052456021308899e-03
1.544758095405995846e-03
0.000000000000000000e+00
4.234941303730010986e-02
1.874612085521221161e-02
3.417868912220001221e-02
3.491934156045317650e-03
2.535429038107395172e-02
1.390245044603943825e-03
3.403692692518234253e-02
0.000000000000000000e+00
8.131370414048433304e-04
0.000000000000000000e+00
0.000000000000000000e+00
0.000000000000000000e+00
3.516936267260462046e-04
5.160411819815635681e-03
1.507628522813320160e-02
7.790973904775455594e-05
2.572718635201454163e-02
6.479003280401229858e-02
3.521656981320120394e-05
4.300057480577379465e-05
0.000000000000000000e+00
0.000000000000000000e+00
0.000000000000000000e+00
1.130409073084592819e-02
6.804558448493480682e-03
6.435868889093399048e-02
0.000000000000000000e+00
0.000000000000000000e+00
4.224691912531852722e-02
1.314260996878147125e-02
0.000000000000000000e+00
2.285852655768394470e-02
0.000000000000000000e+00
9.859255701303482056e-02
2.831345424056053162e-02
2.762928791344165802e-02
6.520192138850688934e-03
2.664634399116039276e-02
6.626746058464050293e-02
1.048379391431808472e-02
3.135274723172187805e-02
4.399261251091957092e-02
2.123506972566246986e-03
2.157943323254585266e-02
3.226771950721740723e-02
2.030209265649318695e-02
8.309994637966156006e-02
2.307212707819417119e-04
2.956857206299901009e-03
1.420066971331834793e-02
0.000000000000000000e+00
4.115260764956474304e-02
0.000000000000000000e+00
0.000000000000000000e+00
0.000000000000000000e+00
0.000000000000000000e+00
7.031606510281562805e-03
2.151038683950901031e-02
0.000000000000000000e+00
0.000000000000000000e+00
2.469407627359032631e-04
3.710464015603065491e-02
1.081926166079938412e-03
3.178508207201957703e-02
0.000000000000000000e+00
0.000000000000000000e+00
5.186913162469863892e-02
7.307495176792144775e-02
5.352480709552764893e-02
4.384706262499094009e-03
1.672114245593547821e-02
3.941264003515243530e-02
8.669067919254302979e-02
0.000000000000000000e+00
0.000000000000000000e+00
4.374670330435037613e-03
3.632083907723426819e-02
0.000000000000000000e+00
0.000000000000000000e+00
0.000000000000000000e+00
3.347291797399520874e-02
2.715311571955680847e-02
5.935856606811285019e-03
0.000000000000000000e+00
7.989666424691677094e-03
0.000000000000000000e+00
7.362065464258193970e-02
0.000000000000000000e+00
1.239789271494373679e-04
7.673266809433698654e-03
6.582367350347340107e-04
6.538831163197755814e-03
1.075835432857275009e-03
0.000000000000000000e+00
1.651507918722927570e-03
4.815330728888511658e-02
8.940853178501129150e-03
0.000000000000000000e+00
1.201362442225217819e-02
2.794630359858274460e-03
0.000000000000000000e+00
1.986945793032646179e-02
6.612535566091537476e-03
8.888737065717577934e-04
3.956137516070157290e-04
0.000000000000000000e+00
1.019654422998428345e-02
0.000000000000000000e+00
7.680937414988875389e-04
3.582641482353210449e-03
2.355265896767377853e-03
3.520955098792910576e-03
0.000000000000000000e+00
1.080598158296197653e-04
2.102700993418693542e-02
0.000000000000000000e+00
1.017014868557453156e-02
0.000000000000000000e+00
0.000000000000000000e+00
7.347601000219583511e-03
0.000000000000000000e+00
0.000000000000000000e+00
1.837833202444016933e-03
2.270451979711651802e-03
1.303457771427929401e-03
3.057852387428283691e-02
5.928609054535627365e-03
4.737733106594532728e-04
4.449178650975227356e-02
0.000000000000000000e+00
1.034740358591079712e-02
1.948818913660943508e-03
0.000000000000000000e+00
1.404521754011511803e-03
1.041621807962656021e-02
0.000000000000000000e+00
4.713819827884435654e-03
1.649646088480949402e-03
0.000000000000000000e+00
1.652065431699156761e-03
2.199762128293514252e-02
5.551008041948080063e-03
2.976104244589805603e-02
5.856313183903694153e-02
1.031551393680274487e-03
7.549782283604145050e-03
0.000000000000000000e+00
1.958166481927037239e-03
3.888123482465744019e-02
0.000000000000000000e+00
8.431792259216308594e-03
2.855060854926705360e-03
8.925855509005486965e-04
0.000000000000000000e+00
8.049890398979187012e-03
2.286866772919893265e-03
7.978341542184352875e-03
2.824195474386215210e-02
0.000000000000000000e+00
8.704364299774169922e-02
3.717866912484169006e-02
0.000000000000000000e+00
0.000000000000000000e+00
0.000000000000000000e+00
1.004060544073581696e-02
0.000000000000000000e+00
6.667288951575756073e-03
1.203122735023498535e-02
1.160570420324802399e-03
3.356071247253566980e-04
7.370911771431565285e-04
3.807058965321630239e-04
8.128301124088466167e-04
2.239068970084190369e-02
0.000000000000000000e+00
3.622414544224739075e-02
3.534088656306266785e-02
1.531077083200216293e-02
0.000000000000000000e+00
0.000000000000000000e+00
3.871184075251221657e-03
2.800490334630012512e-02
3.439547866582870483e-02
9.843549691140651703e-03
0.000000000000000000e+00
2.246682159602642059e-02
5.448427796363830566e-02
0.000000000000000000e+00
8.051992394030094147e-03
1.134559512138366699e-01
3.376859799027442932e-02
1.355600729584693909e-02
0.000000000000000000e+00
2.209749072790145874e-02
8.186711347661912441e-04
7.233151048421859741e-02
5.048120860010385513e-03
1.664700801484286785e-03
1.131846511270850897e-05
7.767758215777575970e-04
1.150862080976366997e-03
0.000000000000000000e+00
1.295244204811751842e-03
1.787718385457992554e-03
2.847663592547178268e-03
1.062861178070306778e-02
2.116785617545247078e-04
0.000000000000000000e+00
3.770777583122253418e-02
0.000000000000000000e+00
5.667109042406082153e-02
0.000000000000000000e+00
7.795470301061868668e-03
0.000000000000000000e+00
8.293396793305873871e-03
7.075081113725900650e-03
8.317907340824604034e-03
8.681031316518783569e-02
4.395441792439669371e-04
2.267536893486976624e-02
0.000000000000000000e+00
1.074532163329422474e-03
1.273513585329055786e-02
4.947427660226821899e-04
1.309706177562475204e-02
1.206772495061159134e-02
1.613180735148489475e-03
0.000000000000000000e+00
0.000000000000000000e+00
3.174683079123497009e-03
1.212818175554275513e-02
0.000000000000000000e+00
2.048123569693416357e-04
2.483656862750649452e-03
2.420479059219360352e-02
1.564378291368484497e-02
1.370997261255979538e-02
0.000000000000000000e+00
2.453585388138890266e-03
0.000000000000000000e+00
3.655618429183959961e-02
1.405696035362780094e-03
0.000000000000000000e+00
9.750319644808769226e-03
0.000000000000000000e+00
1.292550750076770782e-02
0.000000000000000000e+00
0.000000000000000000e+00
8.257621666416525841e-04
1.712230383418500423e-03
0.000000000000000000e+00
6.895270198583602905e-03
9.144075214862823486e-03
2.991319051943719387e-04
8.963679894804954529e-03
0.000000000000000000e+00
1.775245182216167450e-02
3.578817122615873814e-04
2.943758852779865265e-02
0.000000000000000000e+00
0.000000000000000000e+00
9.951530396938323975e-02
4.675121977925300598e-03
1.061261072754859924e-02
4.249447584152221680e-02
9.888095082715153694e-04
4.833781276829540730e-04
5.610973574221134186e-03
4.008091127616353333e-05
1.267538871616125107e-02
7.442925707437098026e-04
1.670003682374954224e-02
1.569661195389926434e-03
0.000000000000000000e+00
6.097572855651378632e-03
6.111849844455718994e-02
8.386223576962947845e-03
2.625295426696538925e-03
4.542226716876029968e-02
5.740079097449779510e-03
2.359202189836651087e-04
7.527431845664978027e-02
6.525601260364055634e-03
5.992636084556579590e-02
0.000000000000000000e+00
0.000000000000000000e+00
3.537300217431038618e-04
9.113116189837455750e-03
0.000000000000000000e+00
0.000000000000000000e+00
4.435961600393056870e-04
7.091204170137643814e-04
8.467321097850799561e-02
3.553221002221107483e-02
4.259542748332023621e-02
1.519541628658771515e-02
1.798603101633489132e-03
1.248595770448446274e-02
1.895031705498695374e-02
2.816334890667349100e-04
1.227883026003837585e-01
0.000000000000000000e+00
8.226677775382995605e-02
0.000000000000000000e+00
4.845391085837036371e-04
1.756754145026206970e-02
2.712250128388404846e-02
0.000000000000000000e+00
2.868071314878761768e-04
0.000000000000000000e+00
1.206181049346923828e-01
6.843546405434608459e-03
1.789857260882854462e-02
0.000000000000000000e+00
0.000000000000000000e+00
2.478870749473571777e-02
1.368948072195053101e-02
3.485590219497680664e-02
4.179642201052047312e-05
0.000000000000000000e+00
2.558547384978737682e-05
0.000000000000000000e+00
1.763574546203017235e-03
3.897293936461210251e-03
1.935973647050559521e-03
5.621859338134527206e-03
0.000000000000000000e+00
1.459165709093213081e-03
2.385913766920566559e-02
5.351878353394567966e-04
3.049853490665555000e-03
4.786435049027204514e-03
0.000000000000000000e+00
2.368468325585126877e-03
1.725676283240318298e-02
2.000577514991164207e-03
0.000000000000000000e+00
3.662220761179924011e-02
2.019960060715675354e-02
1.925029046833515167e-02
0.000000000000000000e+00
9.741179528646171093e-04
4.553583264350891113e-02
4.088546708226203918e-02
6.628060364164412022e-04
3.501174971461296082e-02
1.205749064683914185e-02
1.150398165918886662e-03
2.979522338137030602e-03
1.818000897765159607e-02
3.656769171357154846e-03
1.087702363729476929e-01
2.272000163793563843e-02
7.583691738545894623e-03
2.028392191277816892e-04
1.101491134613752365e-02
3.890679404139518738e-02
0.000000000000000000e+00
0.000000000000000000e+00
4.671220108866691589e-02
1.581405662000179291e-02
2.122506266459822655e-04
8.008195459842681885e-02
1.309171132743358612e-02
5.804712884128093719e-03
2.889006212353706360e-02
2.786678634583950043e-02
0.000000000000000000e+00
8.024693280458450317e-02
1.181173324584960938e-02
6.382292485795915127e-05
3.165533125866204500e-04
8.560160547494888306e-02
4.378087352961301804e-03
6.891531497240066528e-02
3.670478612184524536e-02
0.000000000000000000e+00
2.128629712387919426e-04
0.000000000000000000e+00
1.808809756767004728e-04
6.584229879081249237e-03
1.437341212294995785e-03
7.109020370990037918e-03
0.000000000000000000e+00
7.267343811690807343e-03
0.000000000000000000e+00
0.000000000000000000e+00
1.548641594126820564e-04
1.142414752393960953e-03
7.062900811433792114e-02
7.104205340147018433e-02
0.000000000000000000e+00
8.275288855656981468e-04
1.619828678667545319e-02
5.598005838692188263e-03
0.000000000000000000e+00
2.097280928865075111e-03
1.520027127116918564e-02
0.000000000000000000e+00
8.581342175602912903e-03
1.583011006005108356e-03
3.082571923732757568e-02
2.730928827077150345e-03
6.720878183841705322e-03
3.280258271843194962e-03
7.627511769533157349e-02
1.059793401509523392e-03
4.965463280677795410e-02
3.283747704699635506e-03
0.000000000000000000e+00
7.046897080726921558e-04
0.000000000000000000e+00
1.200548484921455383e-01
0.000000000000000000e+00
6.775233894586563110e-02
0.000000000000000000e+00
1.596005633473396301e-02
0.000000000000000000e+00
0.000000000000000000e+00
7.907854742370545864e-04
0.000000000000000000e+00
3.911084204446524382e-04
1.324604824185371399e-02
2.339490875601768494e-02
0.000000000000000000e+00
6.402766448445618153e-04
4.344273766037076712e-04
6.978967692703008652e-03
0.000000000000000000e+00
0.000000000000000000e+00
0.000000000000000000e+00
5.407943204045295715e-02
4.750800132751464844e-02
0.000000000000000000e+00
2.897802367806434631e-02
3.410946205258369446e-02
1.057904958724975586e-02
1.189085654914379120e-03
4.003553476650267839e-04
6.456357985734939575e-02
1.176734920591115952e-02
1.708946190774440765e-02
3.509426116943359375e-02
3.456911945249885321e-04
2.249458432197570801e-02
0.000000000000000000e+00
4.562804102897644043e-02
3.202794864773750305e-02
2.786008641123771667e-02
5.268866941332817078e-02
0.000000000000000000e+00
0.000000000000000000e+00
1.271894574165344238e-01
7.726272451691329479e-05
1.683690643403679132e-04
1.070685498416423798e-02
1.177577534690499306e-03
5.127126496518030763e-05
6.884028762578964233e-02
8.419693447649478912e-03
3.884882107377052307e-02
1.065103569999337196e-03
0.000000000000000000e+00
1.719824038445949554e-02
3.026862395927309990e-04
4.575363919138908386e-02
0.000000000000000000e+00
9.111227095127105713e-02
8.188317529857158661e-03
6.235816702246665955e-02
1.315456029260531068e-04
0.000000000000000000e+00
8.359968342119827867e-05
7.227044086903333664e-03
8.175148814916610718e-02
7.344641722738742828e-03
9.935136884450912476e-03
0.000000000000000000e+00
1.426315456628799438e-01
0.000000000000000000e+00
1.323112752288579941e-03
1.527490210719406605e-03
6.185632664710283279e-04
0.000000000000000000e+00
6.366851739585399628e-03
5.065370351076126099e-04
1.862994581460952759e-02
0.000000000000000000e+00
1.632270216941833496e-02
1.739131659269332886e-02
0.000000000000000000e+00
2.701071090996265411e-02
1.032158955931663513e-01
7.095871865749359131e-02
7.263755891472101212e-03
9.848108515143394470e-03
4.587741941213607788e-02
0.000000000000000000e+00
6.506418867502361536e-05
0.000000000000000000e+00
0.000000000000000000e+00
4.498194530606269836e-02
0.000000000000000000e+00
6.326297670602798462e-02
0.000000000000000000e+00
0.000000000000000000e+00
0.000000000000000000e+00
5.992900114506483078e-03
1.113500166684389114e-02
1.740545965731143951e-03
1.595438458025455475e-02
3.268361615482717752e-04
5.364216119050979614e-02
7.948959246277809143e-03
0.000000000000000000e+00
2.286319941049441695e-04
1.171488198451697826e-03
2.198937581852078438e-03
1.418890897184610367e-02
5.475997459143400192e-03
1.403190617565996945e-05
0.000000000000000000e+00
0.000000000000000000e+00
2.898902865126729012e-03
1.258362457156181335e-02
3.546887892298400402e-04
4.759551084134727716e-04
9.270224254578351974e-04
1.636806409806013107e-03
0.000000000000000000e+00
1.573944580741226673e-03
1.283353567123413086e-01
6.408954504877328873e-03
2.190844900906085968e-02
1.957513391971588135e-03
2.015716891037300229e-04
0.000000000000000000e+00
1.541970111429691315e-02
4.978895653039216995e-03
1.876025693491101265e-03
2.510045596864074469e-04
7.382543385028839111e-02
6.615467369556427002e-03
2.095155045390129089e-02
4.630655422806739807e-02
1.934460923075675964e-02
0.000000000000000000e+00
1.316028647124767303e-03
0.000000000000000000e+00
0.000000000000000000e+00
0.000000000000000000e+00
4.625318571925163269e-03
9.081039024749770761e-06
7.648408412933349609e-03
3.508768603205680847e-02
1.041824370622634888e-02
2.331589115783572197e-03
3.417796641588211060e-02
2.714953757822513580e-02
1.474798936396837234e-02
4.704311117529869080e-02
2.355395630002021790e-02
0.000000000000000000e+00
6.759211828466504812e-05
1.930236630141735077e-02
0.000000000000000000e+00
0.000000000000000000e+00
1.599299022927880287e-03
7.277088612318038940e-02
1.029286533594131470e-02
3.345705568790435791e-03
0.000000000000000000e+00
3.105984069406986237e-02
4.473931621760129929e-03
0.000000000000000000e+00
7.576934993267059326e-02
2.726631611585617065e-02
0.000000000000000000e+00
0.000000000000000000e+00
1.613011956214904785e-02
0.000000000000000000e+00
0.000000000000000000e+00
3.319589886814355850e-03
4.267671611160039902e-03
3.212957084178924561e-02
0.000000000000000000e+00
1.007917225360870361e-01
1.216776110231876373e-02
0.000000000000000000e+00
8.897674269974231720e-04
3.999130427837371826e-02
2.334143267944455147e-03
0.000000000000000000e+00
0.000000000000000000e+00
4.814982041716575623e-02
0.000000000000000000e+00
7.790419622324407101e-04
0.000000000000000000e+00
9.535788558423519135e-03
0.000000000000000000e+00
7.338573783636093140e-02
1.142975408583879471e-02
0.000000000000000000e+00
0.000000000000000000e+00
6.844850257039070129e-03
0.000000000000000000e+00
5.322096403688192368e-03
1.089591160416603088e-01
1.399623416364192963e-02
6.341539788991212845e-03
2.594513259828090668e-02
4.679672420024871826e-03
3.573799913283437490e-04
0.000000000000000000e+00
9.306255728006362915e-02
9.371952910441905260e-05
1.983406767249107361e-02
1.078151166439056396e-03
3.790775313973426819e-02
7.650151848793029785e-02
4.073075484484434128e-03
0.000000000000000000e+00
3.566057130228728056e-04
1.357505191117525101e-02
8.597540110349655151e-02
5.790387466549873352e-02
0.000000000000000000e+00
1.423036027699708939e-02
7.451405748724937439e-03
9.229821711778640747e-02
6.496331654489040375e-03
0.000000000000000000e+00
3.906048950739204884e-04
4.757148679345846176e-03
0.000000000000000000e+00
0.000000000000000000e+00
0.000000000000000000e+00
2.091489732265472412e-04
0.000000000000000000e+00
6.375580281019210815e-02
6.534056272357702255e-03
6.715380400419235229e-02
7.800430059432983398e-02
2.779319509863853455e-02
1.011655181646347046e-01
0.000000000000000000e+00
1.109492927789688110e-01
0.000000000000000000e+00
6.313830614089965820e-02
0.000000000000000000e+00
7.209332543425261974e-04
2.035298151895403862e-03
0.000000000000000000e+00
0.000000000000000000e+00
1.083410970750264823e-04
9.729557670652866364e-03
1.318185869604349136e-02
6.437536329030990601e-03
2.776850573718547821e-02
4.746214672923088074e-02
3.834455832839012146e-02
5.972481146454811096e-02
5.223792046308517456e-02
6.260409136302769184e-04
4.848370328545570374e-02
6.718911696225404739e-03
0.000000000000000000e+00
6.030360964359715581e-05
1.767106441548094153e-04
3.757498925551772118e-04
6.740431766957044601e-03
0.000000000000000000e+00
0.000000000000000000e+00
0.000000000000000000e+00
1.049520634114742279e-02
6.636664271354675293e-03
0.000000000000000000e+00
1.476473407819867134e-03
0.000000000000000000e+00
0.000000000000000000e+00
0.000000000000000000e+00
4.099745303392410278e-02
1.568478066474199295e-03
9.159658802673220634e-04
5.036491528153419495e-02
1.112691170419566333e-04
1.437508780509233475e-02
4.502738267183303833e-02
0.000000000000000000e+00
0.000000000000000000e+00
3.158752107992768288e-03
1.142285391688346863e-02
3.841400891542434692e-02
5.143575370311737061e-03
2.330060675740242004e-02
1.270956732332706451e-02
2.822277310770004988e-04
2.180324168875813484e-03
3.100419649854302406e-03
1.514029651880264282e-01
1.865361817181110382e-02
1.945667341351509094e-02
0.000000000000000000e+00
1.589665561914443970e-02
6.985173374414443970e-02
3.168980032205581665e-02
0.000000000000000000e+00
2.967952378094196320e-02
4.300599917769432068e-03
3.894492285326123238e-03
1.672054990194737911e-03
7.063409429974853992e-04
4.213463887572288513e-02
7.902653305791318417e-05
5.585945397615432739e-02
0.000000000000000000e+00
0.000000000000000000e+00
2.002721279859542847e-02
3.552925214171409607e-02
8.304900838993489742e-04
6.106115324655547738e-05
4.590132739394903183e-03
7.061671465635299683e-02
7.889295369386672974e-02
0.000000000000000000e+00
3.439125046133995056e-02
0.000000000000000000e+00
5.135240405797958374e-02
7.724525639787316322e-04
6.503581255674362183e-02
0.000000000000000000e+00
4.328510910272598267e-02
0.000000000000000000e+00
6.899973232066258788e-05
1.361152436584234238e-02
2.670477330684661865e-02
0.000000000000000000e+00
7.465290278196334839e-02
1.634131930768489838e-02
1.320824325084686279e-01
0.000000000000000000e+00
9.037351264851167798e-05
0.000000000000000000e+00
2.213835157454013824e-02
2.915307879447937012e-02
6.479574739933013916e-02
3.327127173542976379e-02
0.000000000000000000e+00
0.000000000000000000e+00
1.002625674009323120e-01
0.000000000000000000e+00
4.080353677272796631e-02
0.000000000000000000e+00
0.000000000000000000e+00
8.222373574972152710e-02
1.610517315566539764e-02
1.556043475866317749e-01
1.667726598680019379e-02
1.920923823490738869e-03
1.387029653415083885e-03
2.785867825150489807e-02
1.135528320446610451e-03
0.000000000000000000e+00
0.000000000000000000e+00
1.519574876874685287e-02
3.030326962471008301e-02
0.000000000000000000e+00
1.104085743427276611e-01
0.000000000000000000e+00
0.000000000000000000e+00
2.537458203732967377e-03
2.348872274160385132e-02
3.479710221290588379e-02
2.100644074380397797e-02
0.000000000000000000e+00
6.212625280022621155e-02
0.000000000000000000e+00
0.000000000000000000e+00
2.823422290384769440e-02
9.399722516536712646e-02
0.000000000000000000e+00
2.372086746618151665e-03
0.000000000000000000e+00
1.884565106593072414e-03
6.178984418511390686e-03
1.033425098285079002e-03
1.654896070249378681e-03
3.486367687582969666e-02
4.913013428449630737e-02
1.332088746130466461e-02
4.267960786819458008e-02
4.498373073147376999e-06
8.656635135412216187e-02
7.230884861201047897e-03
4.464759957045316696e-03
1.990494504570960999e-02
0.000000000000000000e+00
1.619349792599678040e-02
1.961346529424190521e-02
2.991528890561312437e-04
0.000000000000000000e+00
1.795229734852910042e-03
5.159826949238777161e-03
1.632458413951098919e-03
0.000000000000000000e+00
7.998631894588470459e-02
1.199746402562595904e-04
0.000000000000000000e+00
0.000000000000000000e+00
0.000000000000000000e+00
0.000000000000000000e+00
0.000000000000000000e+00
1.911528594791889191e-02
0.000000000000000000e+00
1.398930046707391739e-02
0.000000000000000000e+00
2.502708462998270988e-03
1.573863811790943146e-02
0.000000000000000000e+00
0.000000000000000000e+00
0.000000000000000000e+00
2.725761197507381439e-02
0.000000000000000000e+00
0.000000000000000000e+00
0.000000000000000000e+00
2.262844517827033997e-02
1.657240465283393860e-02
5.299215763807296753e-02
0.000000000000000000e+00
1.536406693048775196e-03
0.000000000000000000e+00
1.712049543857574463e-02
0.000000000000000000e+00
2.544734999537467957e-02
0.000000000000000000e+00
3.931752871721982956e-03
7.543551176786422729e-02
7.006794214248657227e-02
1.176623702049255371e-01
0.000000000000000000e+00
0.000000000000000000e+00
0.000000000000000000e+00
5.252542439848184586e-03
3.499843925237655640e-02
5.383419990539550781e-02
0.000000000000000000e+00
0.000000000000000000e+00
1.239240914583206177e-02
0.000000000000000000e+00
7.568711880594491959e-04
3.758930042386054993e-02
5.285541992634534836e-03
2.353937178850173950e-02
3.237748984247446060e-03
0.000000000000000000e+00
0.000000000000000000e+00
5.702180787920951843e-02
2.800759859383106232e-02
2.702210796996951103e-03
0.000000000000000000e+00
2.325204946100711823e-02
0.000000000000000000e+00
4.160960763692855835e-02
2.466948702931404114e-03
1.748764887452125549e-02
1.667298562824726105e-02
0.000000000000000000e+00
4.782378528034314513e-05
2.361451834440231323e-02
0.000000000000000000e+00
